72	41
0.0085 0.0085 0.0085 0.0085 0.0085 0.00851 0.0086289 0.008709 0.0087403 0.0087635 0.0087811 0.0087916 0.0087955 0.0087947 0.008789 0.00878 0.0087673 0.0087516 0.0087335 0.0087765 0.0088032 0.0087982 0.0087701 0.0087191 0.0086752 0.0086335 0.008567 0.0085 0.0085 0.0085 0.0085 0.0085 0.0085 0.0085 0.0085 0.0085 0.0085 0.0085 0.0085 0.0085167 0.0085406
0.0085 0.0085 0.0085 0.0085 0.0085 0.0086027 0.0087024 0.0087356 0.0087613 0.0087773 0.0087868 0.008793 0.0087932 0.008789 0.0087807 0.0087693 0.0087545 0.0087371 0.00876 0.0087979 0.0088002 0.0087788 0.0087322 0.0086793 0.0086431 0.0085833 0.0085 0.0085 0.0085 0.0085 0.0085 0.0085 0.0085 0.0085 0.0085 0.0085 0.0085 0.0085 0.0085124 0.0085373 0.008568
0.0085 0.0085 0.0085 0.0085 0.0085758 0.0086834 0.0087308 0.0087597 0.0087792 0.0087909 0.0087951 0.0087928 0.0087898 0.0087826 0.0087718 0.0087579 0.0087416 0.008742 0.00879 0.0087977 0.008784 0.008746 0.0086857 0.0086567 0.0086039 0.0085267 0.0085 0.0085 0.0085 0.0085 0.0085 0.0085 0.0085 0.0085 0.0085 0.0085 0.0085 0.0085076 0.0085308 0.0085627 0.0087703
0.0085 0.0085 0.0085 0.0085415 0.008658 0.0087237 0.0087552 0.0087783 0.008792 0.0088005 0.0088083 0.0087996 0.0087896 0.0087786 0.0087624 0.0087465 0.0087284 0.0087786 0.0087979 0.0087895 0.0087577 0.008704 0.0086668 0.0086208 0.0085506 0.0085 0.0085 0.0085 0.0085 0.0085 0.0085 0.0085 0.0085 0.0085 0.0085 0.0085 0.0085029 0.0085236 0.0085538 0.008736 0.0090116
0.0085 0.0085 0.0085007 0.0086316 0.0087148 0.0087527 0.008777 0.0087939 0.0088122 0.008831 0.0088201 0.0087987 0.0087892 0.0087757 0.0087588 0.0087393 0.0087685 0.0087977 0.0087966 0.0087729 0.0087254 0.0086775 0.008639 0.0085765 0.0085 0.0085 0.0085 0.0085 0.0085 0.0085 0.0085 0.0085 0.0085 0.0085 0.0085 0.0085 0.008516 0.0085433 0.0086578 0.008952 0.0092679
0.008529 0.0085357 0.0086186 0.0087073 0.0087485 0.0087757 0.0087946 0.0088298 0.00885 0.0088488 0.0088346 0.0087976 0.0087855 0.0087697 0.008752 0.0087565 0.0088073 0.0088216 0.0088036 0.0087654 0.0086984 0.0086639 0.0086089 0.0085278 0.0085 0.0085 0.0085 0.0085 0.0085 0.0085 0.0085 0.0085 0.0085 0.0085 0.0085 0.0085086 0.0085325 0.0085662 0.008846 0.0091832 0.011245
0.0086538 0.0086404 0.0087114 0.0087511 0.0087788 0.0087994 0.0088604 0.0088956 0.0088987 0.0088784 0.00884 0.0087959 0.0087814 0.0087658 0.0087452 0.0088008 0.0088369 0.0088291 0.0088006 0.0087476 0.0086879 0.0086444 0.0085773 0.0085 0.0085 0.0085 0.0085 0.0085 0.0085 0.0085 0.0085 0.0085 0.0085 0.0085 0.0085012 0.0085213 0.0085511 0.0087222 0.0090443 0.0099547 0.015018
0.0087235 0.0087158 0.0087491 0.0087765 0.0087957 0.0088518 0.0089599 0.0089745 0.0089533 0.008913 0.0088541 0.0087984 0.0087813 0.0087623 0.0087881 0.0088392 0.0088558 0.0088413 0.0087965 0.0087296 0.0086813 0.0086246 0.0085407 0.0085 0.0085 0.0085 0.0085 0.0085 0.0085 0.0085 0.0085 0.0085 0.0085 0.0085 0.0085101 0.0085361 0.0085904 0.0088865 0.0092466 0.012841 0.018826
0.008763 0.0087599 0.0087817 0.0088147 0.0088884 0.0089262 0.0089419 0.0089324 0.0089138 0.0088749 0.0088366 0.0087941 0.0087771 0.0087654 0.0088339 0.0088727 0.008875 0.0088466 0.0087902 0.008714 0.0086702 0.0086012 0.0085055 0.0085 0.0085 0.0085 0.0085 0.0085 0.0085 0.0085 0.0085 0.0085 0.0085 0.0085 0.0085207 0.0085513 0.0087109 0.0090436 0.0099146 0.015922 0.022534
0.0087965 0.0087949 0.0088666 0.0089463 0.0089939 0.0090133 0.0090066 0.0089805 0.0089361 0.0088751 0.0088078 0.0087853 0.0087655 0.0088024 0.008855 0.00887 0.0088555 0.0088133 0.008743 0.0086908 0.0086338 0.0085503 0.0085 0.0085 0.0085 0.0085 0.0085 0.0085 0.0085 0.0085 0.0085 0.0085 0.0085 0.0085084 0.0085338 0.0085695 0.0088602 0.0092218 0.01259 0.019182 0.026866
0.0089037 0.0089229 0.0090003 0.0090694 0.0091109 0.0091132 0.0090953 0.00906 0.0090038 0.008936 0.0088512 0.0087912 0.0087793 0.0088548 0.008898 0.0089044 0.0088784 0.0088261 0.0087479 0.0086929 0.0086271 0.0085312 0.0085 0.0085 0.0085 0.0085 0.0085 0.0085 0.0085 0.0085 0.0085 0.0085 0.0085 0.0085158 0.0085452 0.0086484 0.0089708 0.0093778 0.01478 0.021925 0.031021
0.0089993 0.0090404 0.0091133 0.0091648 0.0091855 0.0091801 0.0091513 0.0091002 0.0090387 0.0089586 0.0088678 0.0087934 0.008829 0.0088968 0.0089316 0.0089286 0.0088922 0.0088327 0.0087477 0.008692 0.0086157 0.0085139 0.0085 0.0085 0.0085 0.0085 0.0085 0.0085 0.0085 0.0085 0.0085 0.0085 0.0085008 0.0085239 0.0085569 0.0087397 0.0090866 0.010583 0.017024 0.024779 0.03515
0.0090914 0.0091238 0.009177 0.0092126 0.0092114 0.0091925 0.0091524 0.0090905 0.0090162 0.0089281 0.0088307 0.0087846 0.008858 0.008911 0.0089314 0.0089124 0.0088687 0.0087972 0.0087223 0.0086633 0.0085755 0.0085 0.0085 0.0085 0.0085 0.0085 0.0085 0.0085 0.0085 0.0085 0.0085 0.0085 0.0085065 0.0085319 0.0085676 0.0088125 0.0091709 0.011807 0.01847 0.026555 0.03747
0.009173 0.0091751 0.0092162 0.009234 0.0092346 0.0091995 0.0091535 0.0090916 0.0090148 0.0089224 0.0088188 0.00881 0.0088904 0.008938 0.0089526 0.0089307 0.0088826 0.0088073 0.008727 0.0086635 0.0085689 0.0085 0.0085 0.0085 0.0085 0.0085 0.0085 0.0085 0.0085 0.0085 0.0085 0.0085 0.0085062 0.0085334 0.0085699 0.0088064 0.0092865 0.011833 0.01863 0.02706 0.038528
0.0092271 0.0092196 0.0092482 0.0092547 0.0092455 0.0092165 0.0091687 0.0091043 0.0090192 0.0089289 0.0088359 0.0088475 0.0089254 0.0089723 0.008983 0.0089631 0.008915 0.0088383 0.0087497 0.0086854 0.0085855 0.0085 0.0085 0.0085 0.0085 0.0085 0.0085 0.0085 0.0085 0.0085 0.0085 0.0085 0.0085039 0.0085317 0.0085693 0.0087849 0.0094339 0.011609 0.018699 0.027436 0.03885
0.0092486 0.0092428 0.0092667 0.0092787 0.0092749 0.0092496 0.0092034 0.0091367 0.0090706 0.0089842 0.0088858 0.0088902 0.0089727 0.0090272 0.009043 0.0090209 0.0089727 0.0088976 0.0087959 0.0087165 0.0086184 0.0085096 0.0085 0.0085 0.0085 0.0085 0.0085 0.0085 0.0085 0.0085 0.0085 0.0085 0.0085004 0.0085269 0.0085643 0.0087166 0.0094718 0.010697 0.017521 0.026513 0.039629
0.0092787 0.0092774 0.0093293 0.0093566 0.0093524 0.0093339 0.0092987 0.0092398 0.009168 0.0090802 0.0089812 0.008981 0.009026 0.0090821 0.0091026 0.0090843 0.0090347 0.0089572 0.0088514 0.0087457 0.0086456 0.0085338 0.0085 0.0085 0.0085 0.0085 0.0085 0.0085 0.0085 0.0085 0.0085 0.0085 0.0085 0.0085214 0.0085578 0.0086429 0.0094562 0.010676 0.016554 0.026094 0.041282
0.0093191 0.0093557 0.0094339 0.0094627 0.0094638 0.0094505 0.0094111 0.0093496 0.0092732 0.0091808 0.0090827 0.0090815 0.0090929 0.0091365 0.0091583 0.0091408 0.0090822 0.0089952 0.0088837 0.0087766 0.0086782 0.008566 0.0085 0.0085 0.0085 0.0085 0.0085 0.0085 0.0085 0.0085 0.0085 0.0085 0.0085 0.0085108 0.0085457 0.0085912 0.0093717 0.010612 0.016004 0.026044 0.041883
0.009378 0.0094603 0.0095492 0.009592 0.0096043 0.0095828 0.0095405 0.0094721 0.0093882 0.0092846 0.0091715 0.0091549 0.0091464 0.0091617 0.0092072 0.0092006 0.0091405 0.009058 0.0089471 0.0087993 0.0086962 0.0085839 0.0085 0.0085 0.0085 0.0085 0.0085 0.0085 0.0085 0.0085 0.0085 0.0085 0.0085 0.0085 0.0085343 0.008582 0.0092652 0.010288 0.011761 0.022064 0.042794
0.0094637 0.0095756 0.0096955 0.009741 0.0097473 0.0097152 0.0096555 0.009571 0.009464 0.0093347 0.0092696 0.0092411 0.0092242 0.0092169 0.0092353 0.0092204 0.0091609 0.0090771 0.0089709 0.0088262 0.0087237 0.0086186 0.0085081 0.0085 0.0085 0.0085 0.0085 0.0085 0.0085 0.0085 0.0085 0.0085 0.0085 0.0085 0.008508 0.0085435 0.0089426 0.0099291 0.011611 0.022956 0.046949
0.0095552 0.0097163 0.010077 0.010259 0.010144 0.0098385 0.0097133 0.0097023 0.0095952 0.0094642 0.0093281 0.0092647 0.0092351 0.0092233 0.0092415 0.009236 0.0091903 0.0091147 0.0090224 0.0088986 0.0087727 0.0086775 0.0085777 0.0085 0.0085 0.0085 0.0085 0.0085 0.0085 0.0085 0.0085 0.0085 0.0085 0.0085 0.0085 0.0085306 0.008896 0.0099102 0.011595 0.024064 0.047099
0.0096571 0.010134 0.010788 0.01078 0.010491 0.010744 0.010259 0.0097659 0.0096335 0.0094917 0.0093506 0.0092788 0.0092457 0.0092367 0.0092545 0.0092653 0.0092394 0.0091764 0.0091038 0.0090076 0.0088756 0.008766 0.008675 0.0085747 0.0085 0.0085 0.0085 0.0085 0.0085 0.0085 0.0085 0.0085 0.0085 0.0085 0.0085 0.008528 0.0088333 0.009776 0.011433 0.0245 0.046256
0.0097709 0.010842 0.011192 0.011712 0.011607 0.011082 0.010442 0.0097963 0.0096627 0.0095245 0.009392 0.0093037 0.0092737 0.0092646 0.0092798 0.0093106 0.0093095 0.0092769 0.0092202 0.0091539 0.0090611 0.0089217 0.0087831 0.0086787 0.0085514 0.0085 0.0085 0.0085 0.0085017 0.0085 0.0085 0.0085 0.0085 0.0085 0.0085 0.0085187 0.0087363 0.009536 0.01114 0.024216 0.044099
0.01026 0.011421 0.012219 0.012339 0.011814 0.011221 0.010603 0.0099679 0.009709 0.0095785 0.0094528 0.0093507 0.0093223 0.0093164 0.0093339 0.0093717 0.0094076 0.0094126 0.0093887 0.0093312 0.0092539 0.0091201 0.0089286 0.0088292 0.0087701 0.0086674 0.0085161 0.0085 0.0085025 0.0085 0.0085 0.0085 0.0085 0.0085 0.0085 0.0085054 0.0086229 0.0092307 0.010757 0.023588 0.040945
0.010833 0.011689 0.012938 0.012423 0.011905 0.011409 0.010829 0.010217 0.0097655 0.0096512 0.0095396 0.0094368 0.0094113 0.0094049 0.0094191 0.0094553 0.009505 0.0095626 0.0095609 0.009514 0.0094019 0.0094141 0.0093641 0.0091957 0.0088842 0.0087116 0.0085491 0.0085 0.0085018 0.0085 0.0085 0.0085 0.0085 0.0085 0.0085 0.0085 0.0085379 0.0089447 0.01032 0.021763 0.037295
0.011298 0.012579 0.012934 0.012533 0.012092 0.01163 0.011107 0.010588 0.010069 0.0097464 0.0096531 0.0095709 0.0095476 0.009571 0.0095444 0.0095681 0.0096034 0.0096306 0.0096671 0.0097681 0.0097815 0.0096472 0.009497 0.0092651 0.0089691 0.008758 0.0086071 0.0085 0.0085 0.0085002 0.0085 0.0085 0.0085 0.0085 0.0085 0.0085 0.0085179 0.0087531 0.0098658 0.01857 0.032996
0.011664 0.013274 0.01293 0.01262 0.01228 0.011924 0.011483 0.011031 0.010614 0.010168 0.0098364 0.0097362 0.0096801 0.0098025 0.0098682 0.0098326 0.0096719 0.0097486 0.0098124 0.009842 0.0098684 0.0096991 0.0095332 0.0093541 0.0090965 0.0088239 0.0086799 0.0085265 0.0085 0.0085031 0.0085 0.0085 0.0085 0.0085 0.0085 0.0085 0.0085 0.0085761 0.0094272 0.015593 0.029107
0.011863 0.013359 0.012964 0.012753 0.012489 0.012209 0.011874 0.011636 0.011294 0.010967 0.010794 0.010542 0.010301 0.010066 0.010069 0.010138 0.010312 0.010237 0.0098921 0.0098306 0.0098436 0.0097856 0.0095999 0.0094601 0.0092381 0.008959 0.0087616 0.008615 0.0085 0.0085 0.0085014 0.0085 0.0085 0.0085 0.0085 0.0085 0.0085 0.0085342 0.0090394 0.013121 0.025626
0.011828 0.013169 0.012912 0.01286 0.012738 0.012596 0.01239 0.012212 0.012018 0.011907 0.011827 0.011655 0.01142 0.010892 0.01107 0.010983 0.010586 0.010398 0.010087 0.0098296 0.0098313 0.0098611 0.009699 0.0095416 0.0093809 0.009137 0.0088465 0.0087066 0.0085569 0.0085 0.008504 0.0085 0.0085 0.0085 0.0085 0.0085 0.0085 0.0085126 0.0086678 0.010363 0.022372
0.011947 0.012959 0.012885 0.012937 0.012921 0.012941 0.0129 0.012855 0.012879 0.01288 0.012873 0.012777 0.012412 0.012628 0.01217 0.011586 0.010936 0.010515 0.010284 0.0099256 0.0098301 0.0098445 0.0098251 0.0096404 0.0095046 0.0093095 0.0090477 0.0088033 0.0086589 0.0085026 0.0085 0.0085043 0.0085 0.0085 0.0085 0.0085 0.0085 0.0085 0.0085839 0.0095927 0.018667
0.012243 0.012645 0.012769 0.013003 0.01317 0.013294 0.013414 0.013529 0.013613 0.013766 0.013819 0.013787 0.013916 0.013486 0.01285 0.012112 0.011387 0.010735 0.010458 0.010179 0.0098418 0.0098389 0.0098644 0.009766 0.0096003 0.0094683 0.0092432 0.008957 0.0087608 0.0086113 0.0085 0.0085029 0.0085002 0.0085 0.0085 0.0085 0.0085 0.0085 0.0085628 0.0090426 0.014985
0.01188 0.012159 0.012539 0.012973 0.01335 0.013615 0.013898 0.014103 0.014324 0.01457 0.0149 0.015016 0.014737 0.014214 0.01351 0.012723 0.011918 0.011197 0.010591 0.010398 0.010079 0.0098437 0.0098507 0.009886 0.0097186 0.0095686 0.0094225 0.0091779 0.0088709 0.0087214 0.0085665 0.0085 0.0085059 0.0085 0.0085 0.0085 0.0085 0.0085 0.0085413 0.008818 0.01061
0.011012 0.011465 0.012191 0.012906 0.013413 0.013876 0.014215 0.01458 0.014948 0.015575 0.015726 0.015675 0.015346 0.01488 0.014155 0.013357 0.012533 0.01173 0.01103 0.010563 0.010333 0.0099763 0.0098496 0.0098667 0.0098623 0.0096799 0.0095458 0.0093689 0.0091049 0.0088269 0.0086819 0.0085211 0.0085 0.008505 0.0085 0.0085 0.0085 0.0085 0.0085177 0.0086059 0.0090986
0.0098763 0.010502 0.011675 0.012623 0.013331 0.013904 0.014375 0.014872 0.015871 0.016223 0.016366 0.016206 0.015862 0.015409 0.014794 0.014002 0.013153 0.012318 0.011537 0.01088 0.010529 0.010264 0.0098739 0.0098584 0.0098825 0.0098146 0.0096458 0.0095261 0.0093167 0.0090332 0.0087916 0.0086386 0.0085 0.0085032 0.0085 0.0085 0.0085 0.0085 0.0085 0.008556 0.0087614
0.0095302 0.0096961 0.01079 0.012069 0.013022 0.013659 0.014173 0.015405 0.016467 0.016783 0.016868 0.016693 0.016371 0.015895 0.015336 0.014643 0.013807 0.012939 0.012109 0.011355 0.01072 0.010487 0.010196 0.0098679 0.0098716 0.009903 0.0097817 0.0096241 0.0094982 0.0092628 0.0089638 0.0087576 0.0085943 0.0085 0.0085055 0.0085 0.0085 0.0085 0.0085 0.0085305 0.0085666
0.0091575 0.0093907 0.0097723 0.011261 0.012338 0.012933 0.014426 0.016451 0.016847 0.017239 0.01733 0.017127 0.016801 0.016344 0.0158 0.015196 0.014428 0.013584 0.01272 0.011939 0.011215 0.010636 0.010434 0.010109 0.0098693 0.0098818 0.0099129 0.0097459 0.0095992 0.009453 0.0091957 0.008872 0.0087141 0.0085473 0.0085 0.0085033 0.0085 0.0085 0.0085 0.0085096 0.008533
0.008773 0.0089882 0.0094804 0.0099193 0.011022 0.012339 0.015224 0.016655 0.017148 0.017623 0.017745 0.017602 0.017229 0.016756 0.016238 0.015654 0.015023 0.014231 0.013361 0.012514 0.011722 0.011037 0.010596 0.010365 0.01002 0.0098749 0.009894 0.0098881 0.0097078 0.0095722 0.0093985 0.0091192 0.0088255 0.0086652 0.0085 0.0085008 0.0085 0.0085 0.0085 0.0085 0.0085067
0.0085901 0.0087245 0.0090565 0.0094674 0.0096866 0.012015 0.015805 0.016663 0.017305 0.017841 0.01803 0.017938 0.017615 0.017139 0.016624 0.016065 0.015499 0.014813 0.013965 0.013089 0.012274 0.011511 0.01087 0.010553 0.010293 0.0099106 0.0098801 0.0099065 0.0098407 0.0096723 0.009547 0.0093278 0.0090228 0.0087774 0.0086044 0.0085 0.0085018 0.0085 0.0085 0.0085 0.0085
0.0085 0.0085 0.0087425 0.0089698 0.0094001 0.012409 0.015646 0.01654 0.017312 0.017997 0.018208 0.018193 0.017924 0.017504 0.016969 0.016479 0.015899 0.015276 0.014525 0.013687 0.012826 0.012014 0.011297 0.010703 0.010488 0.010209 0.0098806 0.0098878 0.0099213 0.0097901 0.0096327 0.0095022 0.0092432 0.0089063 0.0087167 0.008523 0.0085 0.0085 0.0085 0.0085 0.0085
0.0085 0.0085 0.0085 0.0086961 0.0090859 0.012383 0.015117 0.016216 0.017097 0.01792 0.01824 0.018326 0.018136 0.017775 0.017332 0.016803 0.016255 0.01566 0.015028 0.014211 0.013362 0.012547 0.011771 0.011101 0.010621 0.01042 0.010096 0.0098805 0.0098953 0.0099145 0.0097392 0.0095913 0.0094223 0.0091342 0.0088178 0.0086335 0.0085 0.0085 0.0085 0.0085 0.0085
0.0085 0.0085 0.0085 0.0085 0.0087869 0.011524 0.014183 0.01572 0.01676 0.017694 0.018195 0.018334 0.018247 0.018015 0.017592 0.017064 0.016553 0.015992 0.015403 0.014711 0.013889 0.013044 0.012237 0.011504 0.010893 0.010563 0.010332 0.0099715 0.009882 0.0099053 0.0098615 0.009682 0.0095473 0.0093204 0.008986 0.0087352 0.0085124 0.0085 0.0085 0.0085 0.0085
0.01293 0.0085 0.0085 0.0085 0.0087248 0.0099255 0.012937 0.014984 0.016228 0.017253 0.017924 0.018207 0.018224 0.01809 0.01775 0.017306 0.016793 0.016271 0.015703 0.015098 0.014333 0.013517 0.012703 0.011941 0.011259 0.010689 0.010488 0.010213 0.0098786 0.0098844 0.0099166 0.0097899 0.0096222 0.009468 0.009178 0.0088274 0.008614 0.0085 0.0085 0.0085 0.0085
0.18285 0.060348 0.0085 0.0085 0.0085669 0.009406 0.01125 0.01378 0.015509 0.016689 0.01749 0.017927 0.01813 0.018065 0.017816 0.017432 0.016953 0.016477 0.015958 0.015399 0.014743 0.013957 0.013147 0.01235 0.011616 0.010996 0.010584 0.010384 0.010059 0.0098744 0.0098897 0.0099048 0.0097088 0.0095551 0.0093379 0.0089847 0.0087053 0.0085 0.0085 0.0085 0.0085
0.40382 0.23315 0.024268 0.0085 0.0085 0.0088617 0.0096688 0.012226 0.014436 0.015985 0.016877 0.017482 0.017845 0.017901 0.017761 0.017468 0.017071 0.016635 0.01615 0.015616 0.015076 0.014343 0.013574 0.012769 0.012006 0.011326 0.010761 0.010502 0.010251 0.0098719 0.0098716 0.0098967 0.0098053 0.0096248 0.0094599 0.0091513 0.0087863 0.0085 0.0085 0.0085 0.0085
0.68151 0.44704 0.15812 0.0085 0.0085 0.0086744 0.0091834 0.010282 0.013022 0.01508 0.016202 0.01694 0.017405 0.017605 0.017594 0.017402 0.017074 0.016734 0.016298 0.015806 0.015281 0.014637 0.013902 0.013127 0.012346 0.011634 0.01101 0.010571 0.010389 0.010081 0.0098612 0.0098723 0.0099033 0.0097 0.0095322 0.0092835 0.0088725 0.0085854 0.0085 0.0085 0.0085
0.92178 0.71251 0.3122 0.067895 0.0085 0.0085 0.0087656 0.0094528 0.011226 0.013765 0.015339 0.016279 0.016841 0.017171 0.017289 0.017213 0.017028 0.016738 0.016359 0.015915 0.015419 0.014853 0.014142 0.013412 0.01264 0.011892 0.011233 0.010671 0.010463 0.010221 0.0098597 0.0098578 0.0098806 0.0097792 0.0095873 0.0093868 0.0090206 0.0086664 0.0085 0.0085 0.0085
1.0984 0.92174 0.49461 0.18519 0.0085 0.0085 0.0085812 0.0089689 0.0096723 0.012191 0.014172 0.015487 0.01621 0.016658 0.016878 0.016962 0.016856 0.016633 0.016317 0.015927 0.015477 0.014988 0.014317 0.013609 0.012869 0.012104 0.011423 0.01084 0.010502 0.010313 0.0099958 0.0098446 0.0098567 0.0098623 0.0096498 0.0094646 0.0091437 0.0087387 0.0085 0.0085 0.0085
1.2581 1.0776 0.70025 0.30981 0.049077 0.0085 0.0085 0.008728 0.0092384 0.010248 0.012769 0.014444 0.015453 0.016055 0.016401 0.016594 0.016583 0.016443 0.016197 0.015875 0.015476 0.015021 0.014403 0.013735 0.01303 0.012288 0.011586 0.010973 0.010498 0.010358 0.010096 0.0098346 0.0098368 0.0098632 0.0097053 0.0095104 0.0092368 0.0088016 0.0085 0.0085 0.0085
1.39 1.2167 0.87277 0.43911 0.14287 0.0085 0.0085 0.008516 0.0087963 0.0095065 0.011144 0.013165 0.01449 0.015335 0.015857 0.016124 0.016209 0.016153 0.015981 0.015714 0.01537 0.014955 0.014383 0.013771 0.013104 0.01239 0.011663 0.011045 0.010507 0.010372 0.01015 0.0098244 0.0098195 0.0098379 0.0097565 0.0095468 0.0093135 0.0088808 0.0085 0.0085 0.0085
1.4783 1.3332 0.98982 0.58004 0.22851 0.0086509 0.0085 0.0085 0.0087014 0.0091054 0.0097128 0.011675 0.013308 0.014414 0.015178 0.015549 0.01573 0.015762 0.015668 0.015466 0.01518 0.014783 0.014268 0.013693 0.01307 0.012395 0.01166 0.011061 0.010523 0.010353 0.010166 0.0098492 0.0098027 0.0098162 0.0097874 0.0095792 0.0093635 0.0089783 0.0085824 0.0085 0.0085
1.5271 1.4218 1.084 0.72113 0.31152 0.060931 0.0085 0.0085 0.008504 0.0087768 0.0093735 0.01011 0.012053 0.013343 0.014262 0.014853 0.015154 0.015271 0.015252 0.015117 0.014865 0.014488 0.014034 0.01351 0.012933 0.012298 0.011576 0.010982 0.01046 0.010307 0.010148 0.0098664 0.0097866 0.0097956 0.0097889 0.0096004 0.0093952 0.0090529 0.0086485 0.0085 0.0085
1.5431 1.4733 1.1614 0.83646 0.39771 0.11061 0.0085 0.0085 0.0085 0.0086939 0.0090362 0.0095503 0.010643 0.012133 0.013245 0.013962 0.014394 0.014627 0.01467 0.014582 0.014374 0.014068 0.013671 0.013204 0.012678 0.012068 0.011392 0.010809 0.010319 0.010238 0.010101 0.0098387 0.0097647 0.0097731 0.0097751 0.0096083 0.0094114 0.0091018 0.0087058 0.0085 0.0085
1.553 1.5066 1.2161 0.89244 0.47536 0.16327 0.0085 0.0085 0.0085 0.0085087 0.0087901 0.0092502 0.0096857 0.010868 0.012103 0.012996 0.013498 0.013801 0.013933 0.013919 0.013774 0.013524 0.013176 0.012763 0.012273 0.011699 0.011068 0.01051 0.010158 0.01014 0.010011 0.0097618 0.0097372 0.0097478 0.0097488 0.0096004 0.0094079 0.0091267 0.0087467 0.0085 0.0085
1.5572 1.5207 1.2495 0.93173 0.53425 0.20895 0.0086286 0.0085 0.0085 0.0085 0.0087224 0.0089757 0.009425 0.0097588 0.01094 0.011909 0.012576 0.012942 0.013141 0.013179 0.013066 0.012854 0.012565 0.012178 0.011713 0.011183 0.010592 0.010075 0.010033 0.010009 0.0098794 0.009704 0.0097016 0.0097177 0.009704 0.0095687 0.0093854 0.0091262 0.0087707 0.0085 0.0085
1.5572 1.5215 1.2616 0.95217 0.57258 0.24191 0.023256 0.0085 0.0085 0.0085 0.0086726 0.0088312 0.0092627 0.0095871 0.0097995 0.010894 0.011566 0.012041 0.01227 0.012349 0.012286 0.012101 0.01182 0.011465 0.011023 0.010523 0.0099771 0.0098308 0.0098824 0.0098415 0.0096978 0.0096482 0.0096558 0.0096806 0.0096393 0.0095108 0.0093399 0.0090965 0.0087762 0.0085 0.0085
1.5534 1.5145 1.2536 0.95377 0.5867 0.25986 0.041752 0.0085 0.0085 0.0085 0.008586 0.0087664 0.0091043 0.0094496 0.0096936 0.010148 0.010818 0.011146 0.011324 0.01158 0.011424 0.011287 0.011026 0.010684 0.010271 0.0097976 0.009701 0.0096928 0.0097078 0.0096328 0.0095755 0.0095806 0.0095997 0.0096165 0.0095492 0.0094217 0.0092642 0.0090309 0.0087602 0.0085113 0.0085
1.5455 1.491 1.2274 0.93696 0.5766 0.2618 0.049532 0.0085 0.0085 0.0085 0.0085155 0.0087341 0.008936 0.009288 0.0095487 0.0097301 0.010093 0.010557 0.010766 0.010822 0.010684 0.010422 0.010097 0.0097996 0.009745 0.009661 0.0095665 0.0095444 0.0095204 0.0094857 0.0094902 0.0095066 0.009539 0.0095087 0.0094342 0.0093084 0.0091571 0.0089241 0.0087205 0.0085078 0.0085
1.5333 1.4555 1.1847 0.90379 0.54494 0.24978 0.048347 0.0085 0.0085 0.0085 0.0085 0.008703 0.0087958 0.0091297 0.0094008 0.0095819 0.0097119 0.0098413 0.010076 0.010142 0.010063 0.0098647 0.0097605 0.0096881 0.0096004 0.0094935 0.0093836 0.009355 0.0093602 0.0094016 0.0094101 0.0094404 0.0094431 0.0093966 0.0093028 0.0091902 0.0090247 0.0088067 0.0086591 0.0085 0.0085
1.5128 1.406 1.1272 0.85833 0.49511 0.22375 0.035357 0.0085 0.0085 0.0085 0.0085 0.0086597 0.0087683 0.0089937 0.0092476 0.0094363 0.0095625 0.0096512 0.0097028 0.0097195 0.009712 0.0096776 0.0096248 0.0095564 0.0094792 0.0093896 0.0092883 0.0092805 0.0092809 0.0092894 0.009313 0.0093226 0.0092953 0.0092296 0.0091723 0.0090618 0.0088795 0.0087332 0.0085912 0.0085 0.0085
1.4553 1.3309 1.055 0.78406 0.4274 0.18186 0.011686 0.0085 0.0085 0.0085 0.0085 0.0086341 0.0087523 0.0088801 0.0091272 0.0093069 0.009427 0.0095173 0.0095585 0.0095762 0.0095683 0.0095329 0.0094777 0.0094139 0.0093391 0.0092467 0.0091774 0.0091856 0.0092005 0.0092286 0.0092657 0.0092606 0.0092126 0.0091338 0.0090283 0.0088663 0.008734 0.0086093 0.0085 0.0085 0.0085
1.3762 1.24 0.97229 0.66499 0.35061 0.13426 0.0085348 0.0085 0.0085 0.0085 0.0085 0.0086254 0.008744 0.0088041 0.0090434 0.0092019 0.0093131 0.0093897 0.0094158 0.0094223 0.0094133 0.0093828 0.0093271 0.0092616 0.0091764 0.0090831 0.0090611 0.0090817 0.0091279 0.0091731 0.0091854 0.009157 0.0090979 0.0090203 0.0089081 0.0087678 0.0086584 0.0085337 0.0085 0.0085 0.0085
1.2713 1.1361 0.87805 0.54017 0.26932 0.079738 0.0085 0.0085 0.0085 0.0085 0.0085 0.0086421 0.0087419 0.0087948 0.0089776 0.0091149 0.0092249 0.0092857 0.0093141 0.0093126 0.0092881 0.0092477 0.0091938 0.0091269 0.0090464 0.0089566 0.0089821 0.0090404 0.0090968 0.0091217 0.0091088 0.0090631 0.0089957 0.0088979 0.0087761 0.0086771 0.0085648 0.0085 0.0085 0.0085 0.0085
1.1506 1.0238 0.75258 0.41808 0.18784 0.025 0.0085 0.0085 0.0085 0.0085 0.0085 0.0086604 0.0087453 0.0087935 0.008948 0.0090779 0.0091608 0.0092238 0.0092537 0.0092482 0.0092267 0.0091803 0.0091178 0.0090438 0.0089564 0.0089152 0.0089721 0.0090392 0.0090721 0.0090723 0.0090376 0.0089761 0.0088919 0.0087849 0.0086923 0.0085888 0.0085 0.0085 0.0085 0.0085 0.0085
1.0226 0.90282 0.5843 0.30536 0.11136 0.0085 0.0085 0.0085 0.0085 0.0085 0.008541 0.0086923 0.0087536 0.0087955 0.0089532 0.0090834 0.009145 0.0091783 0.0091797 0.0091625 0.0091203 0.0090617 0.0089874 0.0089056 0.0088038 0.0088985 0.0089682 0.0090088 0.0090154 0.0089881 0.0089386 0.0088605 0.0087696 0.0086908 0.0085925 0.0085 0.0085 0.0085 0.0085 0.0085 0.0085
0.88746 0.7581 0.43238 0.20205 0.039444 0.0085 0.0085 0.0085 0.0085 0.0085 0.0085978 0.0087156 0.0087639 0.0088115 0.0089293 0.0090182 0.009067 0.0090852 0.0090775 0.009051 0.0090016 0.0089358 0.008856 0.0087928 0.0088314 0.0089035 0.0089452 0.008954 0.0089364 0.008892 0.0088265 0.0087476 0.008683 0.0085905 0.0085 0.0085 0.0085 0.0085 0.0085 0.0085 0.0085
0.71044 0.56231 0.29751 0.11032 0.0085024 0.0085 0.0085 0.0085 0.0085 0.0085001 0.0086492 0.0087241 0.0087686 0.0088065 0.0089136 0.0089802 0.009017 0.009022 0.009003 0.0089634 0.0089096 0.0088358 0.00879 0.0087804 0.0088587 0.0089075 0.0089244 0.0089057 0.0088643 0.0087986 0.008728 0.0086715 0.0085865 0.0085 0.0085 0.0085 0.0085 0.0085 0.0085 0.0085 0.0085
0.50542 0.39391 0.18259 0.029953 0.0085 0.0085 0.0085 0.0085 0.0085 0.0085641 0.0086869 0.0087378 0.0087762 0.0088114 0.0088998 0.0089484 0.0089695 0.0089609 0.0089305 0.0088811 0.0088153 0.0087878 0.0087693 0.0088185 0.0088734 0.0088976 0.0088857 0.0088503 0.008791 0.0087213 0.0086717 0.0085947 0.0085 0.0085 0.0085 0.0085 0.0085 0.0085 0.0085 0.0085 0.0085
0.33425 0.25208 0.082967 0.0085 0.0085 0.0085 0.0085 0.0085 0.0085 0.0086256 0.0087153 0.0087523 0.0087833 0.0088199 0.0088858 0.0089157 0.0089177 0.0088993 0.0088576 0.0087997 0.0087848 0.0087673 0.0087813 0.0088425 0.0088735 0.0088673 0.0088361 0.0087824 0.008715 0.0086711 0.008602 0.008508 0.0085 0.0085 0.0085 0.0085 0.0085 0.0085 0.0085 0.0085 0.0085
0.19388 0.13391 0.0086394 0.0085 0.0085 0.0085 0.0085 0.0085 0.0085626 0.0086817 0.0087341 0.0087659 0.0087885 0.0088227 0.0088677 0.00888 0.008866 0.0088344 0.0087963 0.0087828 0.0087663 0.0087474 0.0088131 0.0088506 0.0088499 0.0088249 0.0087753 0.0087079 0.0086691 0.0086066 0.0085174 0.0085 0.0085 0.0085 0.0085 0.0085 0.0085 0.0085 0.0085 0.0085 0.0085
0.07984 0.035719 0.0085 0.0085 0.0085 0.0085 0.0085 0.0085017 0.0086292 0.0087143 0.0087504 0.0087761 0.0087934 0.0088186 0.0088417 0.0088398 0.0088137 0.0087934 0.0087813 0.0087658 0.0087476 0.0087861 0.0088289 0.0088334 0.0088147 0.0087702 0.0087032 0.0086695 0.0086103 0.008527 0.0085 0.0085 0.0085 0.0085 0.0085 0.0085 0.0085 0.0085 0.0085 0.0085 0.0085
0.0085749 0.0085 0.0085 0.0085 0.0085 0.0085 0.0085 0.0085846 0.0086865 0.0087341 0.0087639 0.0087842 0.0087958 0.0088104 0.0088147 0.0087994 0.0087913 0.0087797 0.0087655 0.0087482 0.0087621 0.0088105 0.0088216 0.0088064 0.0087671 0.0087067 0.00867 0.008616 0.0085396 0.0085 0.0085 0.0085 0.0085 0.0085 0.0085 0.0085 0.0085 0.0085 0.0085 0.0085 0.0085016
0.0085 0.0085 0.0085 0.0085 0.0085 0.0085 0.0085433 0.0086546 0.0087173 0.00875 0.0087735 0.0087888 0.0087967 0.0087991 0.0087963 0.0087901 0.0087796 0.0087655 0.008749 0.0087385 0.0087935 0.0088115 0.0088009 0.0087679 0.0087111 0.0086721 0.0086236 0.0085528 0.0085 0.0085 0.0085 0.0085 0.0085 0.0085 0.0085 0.0085 0.0085 0.0085 0.0085 0.0085012 0.0085184
