72	41
0.020216 0.061912 0.24926 0.40165 0.51833 0.60708 0.67345 0.72308 0.75804 0.78385 0.80358 0.81524 0.81961 0.8187 0.81238 0.80232 0.78811 0.77066 0.75041 0.73064 0.70931 0.68566 0.65965 0.63195 0.6024 0.57116 0.53791 0.50483 0.47265 0.43808 0.40161 0.36323 0.32289 0.28054 0.23615 0.18999 0.14501 0.098539 0.050684 0.0028572 -0.03978
0.18705 0.20659 0.36349 0.48766 0.58524 0.65882 0.71577 0.75282 0.78142 0.79928 0.80993 0.81677 0.81706 0.81234 0.80307 0.79041 0.77391 0.75447 0.73467 0.71444 0.69198 0.66668 0.63881 0.60895 0.57792 0.54532 0.51175 0.47932 0.44498 0.40884 0.37139 0.33152 0.2897 0.24587 0.20004 0.15482 0.10875 0.060842 0.011524 -0.037831 -0.082064
0.32286 0.32868 0.45897 0.56339 0.6438 0.70383 0.74747 0.77964 0.80139 0.81443 0.81915 0.81655 0.81319 0.8052 0.79318 0.77763 0.75946 0.73908 0.71934 0.69708 0.67301 0.64636 0.61778 0.58747 0.55527 0.52151 0.48857 0.45387 0.41807 0.38044 0.34095 0.29959 0.25626 0.21155 0.16584 0.12028 0.072747 0.023369 -0.027472 -0.07844 -0.12438
0.43434 0.44466 0.53699 0.62467 0.68964 0.73951 0.7747 0.8004 0.81564 0.82471 0.82644 0.82413 0.81304 0.80076 0.78263 0.76491 0.74481 0.72558 0.70404 0.68011 0.65386 0.6262 0.59619 0.56441 0.53101 0.49795 0.46439 0.42906 0.39192 0.35298 0.31147 0.26866 0.22391 0.17779 0.13265 0.085644 0.036654 -0.014214 -0.066605 -0.11924 -0.16687
0.53763 0.55588 0.6019 0.67493 0.72965 0.77185 0.79895 0.81777 0.82732 0.83151 0.82909 0.82319 0.81257 0.79747 0.77865 0.75695 0.73597 0.71193 0.68875 0.66331 0.63575 0.60649 0.57519 0.54219 0.50843 0.47546 0.44058 0.40388 0.36531 0.32493 0.2827 0.2385 0.19241 0.14733 0.10097 0.052578 0.0021697 -0.050171 -0.10414 -0.15831 -0.20737
0.6177 0.62142 0.66768 0.72119 0.76716 0.79754 0.81861 0.83126 0.83575 0.83549 0.83233 0.82188 0.80839 0.79081 0.77113 0.74998 0.72874 0.70584 0.67943 0.65221 0.62177 0.59079 0.55735 0.52201 0.48813 0.45378 0.41753 0.37948 0.33962 0.29797 0.25445 0.20905 0.16343 0.11781 0.070157 0.020447 -0.031131 -0.084508 -0.13981 -0.1959 -0.24832
0.68735 0.67984 0.72586 0.77006 0.80091 0.82395 0.83808 0.84594 0.84663 0.8421 0.83353 0.82008 0.80384 0.78645 0.76352 0.74316 0.72121 0.69541 0.66863 0.63982 0.60804 0.57567 0.5421 0.50928 0.47421 0.43833 0.40061 0.36009 0.31888 0.27587 0.23004 0.1839 0.13875 0.091316 0.042611 -0.0082134 -0.061092 -0.11641 -0.17347 -0.23275 -0.29034
0.73931 0.73067 0.76788 0.79835 0.8198 0.83616 0.8603 0.86354 0.85881 0.84983 0.83668 0.82278 0.80379 0.7826 0.75985 0.73787 0.71404 0.68885 0.65943 0.62915 0.59709 0.56334 0.52798 0.4945 0.45908 0.42179 0.38171 0.34094 0.29843 0.25413 0.2084 0.16212 0.11619 0.068024 0.018177 -0.035101 -0.08956 -0.14599 -0.20469 -0.267 -0.32867
0.7833 0.77984 0.8042 0.82788 0.84433 0.85277 0.85627 0.85416 0.85 0.84133 0.83277 0.81804 0.79908 0.77798 0.75668 0.73389 0.70909 0.68157 0.65111 0.61967 0.58648 0.55162 0.51754 0.48209 0.44526 0.40662 0.36622 0.3245 0.27989 0.23514 0.18961 0.14444 0.097267 0.047288 -0.004121 -0.057676 -0.11284 -0.17139 -0.2319 -0.29935 -0.36282
0.82073 0.81891 0.83947 0.85726 0.86787 0.87222 0.87072 0.8649 0.85499 0.84137 0.82635 0.80824 0.78611 0.76443 0.74287 0.71733 0.69212 0.66353 0.63226 0.60077 0.56689 0.53227 0.49924 0.46349 0.42641 0.38706 0.34609 0.30371 0.25937 0.21308 0.16805 0.12196 0.073898 0.024123 -0.02781 -0.082662 -0.13977 -0.19878 -0.26261 -0.33136 -0.39591
0.84775 0.85204 0.8693 0.88473 0.89398 0.8945 0.89051 0.88264 0.87008 0.85496 0.83603 0.81473 0.7917 0.77036 0.74625 0.71961 0.6919 0.66181 0.62993 0.59683 0.56213 0.52752 0.49276 0.45699 0.41833 0.37817 0.33609 0.29234 0.24749 0.20096 0.15532 0.10829 0.059304 0.0088797 -0.044204 -0.099498 -0.15715 -0.21736 -0.28494 -0.3556 -0.41891
0.86908 0.87826 0.89454 0.90602 0.91064 0.90944 0.90301 0.8916 0.87787 0.86001 0.83973 0.8172 0.79413 0.77148 0.74664 0.71923 0.68969 0.65905 0.62686 0.59264 0.55744 0.52342 0.48698 0.45035 0.41077 0.36949 0.32672 0.2822 0.23622 0.1906 0.14382 0.096096 0.046213 -0.0056574 -0.059477 -0.11592 -0.17457 -0.23708 -0.30675 -0.38013 -0.44124
0.88963 0.89688 0.90875 0.9167 0.91641 0.91221 0.90326 0.88945 0.87286 0.85319 0.83144 0.8074 0.7849 0.76033 0.73463 0.70626 0.67693 0.64516 0.61242 0.57777 0.54372 0.50785 0.47145 0.43372 0.39474 0.35335 0.31035 0.26576 0.21999 0.17541 0.12992 0.081414 0.031915 -0.018413 -0.072 -0.12778 -0.1857 -0.24951 -0.31858 -0.39106 -0.45188
0.90786 0.90832 0.9175 0.92148 0.9216 0.91376 0.90351 0.88968 0.87253 0.85191 0.82879 0.80566 0.78426 0.76003 0.73436 0.70657 0.67698 0.64515 0.6108 0.57613 0.54291 0.50827 0.47207 0.43495 0.39549 0.35388 0.31111 0.26669 0.22198 0.17802 0.13203 0.084344 0.034811 -0.016643 -0.069211 -0.12427 -0.18275 -0.24701 -0.31609 -0.39158 -0.45492
0.91992 0.91826 0.92465 0.92608 0.92404 0.91756 0.90689 0.89252 0.87353 0.85337 0.8326 0.8109 0.78897 0.76544 0.73907 0.71238 0.68312 0.65129 0.61782 0.58469 0.55069 0.51588 0.47962 0.44317 0.4035 0.36197 0.31952 0.27454 0.23038 0.18518 0.13894 0.091387 0.04178 -0.0093466 -0.06278 -0.1184 -0.17752 -0.24214 -0.31346 -0.39167 -0.45399
0.92473 0.92344 0.92878 0.93145 0.9306 0.92495 0.91465 0.89976 0.88499 0.86571 0.84376 0.82508 0.80348 0.78158 0.75541 0.7269 0.69708 0.66522 0.63175 0.59769 0.5643 0.52889 0.49187 0.4527 0.41243 0.36999 0.32602 0.28078 0.23677 0.191 0.14396 0.096684 0.050653 0.0025258 -0.050342 -0.10457 -0.16351 -0.22689 -0.29821 -0.379 -0.45643
0.93144 0.93116 0.94279 0.94893 0.948 0.94383 0.9359 0.92276 0.90673 0.88714 0.86504 0.84491 0.82336 0.7988 0.77219 0.74331 0.71262 0.67941 0.6444 0.60962 0.57536 0.53875 0.49993 0.4596 0.41955 0.37951 0.33713 0.2925 0.24962 0.20496 0.15945 0.11248 0.064372 0.014509 -0.037113 -0.090465 -0.14898 -0.21302 -0.28628 -0.37254 -0.46464
0.94049 0.94874 0.96634 0.97281 0.97306 0.97007 0.9612 0.94735 0.93022 0.9096 0.88771 0.86688 0.84354 0.8175 0.78861 0.75806 0.72464 0.68835 0.65161 0.62192 0.58809 0.55114 0.51294 0.47295 0.43178 0.38923 0.34634 0.30297 0.26091 0.21786 0.17448 0.12972 0.083336 0.034903 -0.016196 -0.070808 -0.13136 -0.20011 -0.27956 -0.37068 -0.46716
0.95374 0.97227 0.99226 1.0019 1.0047 0.99982 0.9903 0.97492 0.95605 0.93277 0.90752 0.88397 0.85681 0.82643 0.80432 0.77479 0.74024 0.70433 0.66673 0.63079 0.59504 0.55792 0.51989 0.48208 0.44248 0.40296 0.36207 0.32138 0.28191 0.24122 0.1989 0.15561 0.10886 0.058297 0.0025074 -0.05698 -0.11579 -0.16696 -0.23449 -0.33111 -0.47215
0.97302 0.99822 1.0252 1.0354 1.0368 1.0296 1.0162 0.99718 0.97311 0.94401 0.92941 0.90553 0.87823 0.84724 0.81495 0.78127 0.74588 0.70966 0.67273 0.63793 0.60527 0.57052 0.53574 0.49966 0.46298 0.42651 0.38834 0.34986 0.31187 0.2713 0.22722 0.17912 0.12755 0.07916 0.044673 -0.0022127 -0.062962 -0.13403 -0.22467 -0.34015 -0.49701
0.99361 1.0299 1.0591 1.0659 1.0616 1.0501 1.0292 1.0267 1.0026 0.97315 0.94253 0.91308 0.88346 0.85206 0.82041 0.78813 0.75489 0.72066 0.68609 0.65353 0.62346 0.59182 0.56031 0.52742 0.49362 0.45943 0.42213 0.38235 0.34041 0.29441 0.25249 0.22503 0.18801 0.14033 0.083015 0.0156 -0.056565 -0.13676 -0.22854 -0.35214 -0.49899
1.0166 1.0612 1.0857 1.0854 1.0746 1.0841 1.0659 1.041 1.0112 0.97933 0.94758 0.9194 0.89001 0.86067 0.83093 0.80101 0.77046 0.73911 0.70766 0.67775 0.65138 0.62394 0.59472 0.5638 0.5313 0.49328 0.45044 0.40805 0.38592 0.35977 0.32174 0.27308 0.21241 0.14963 0.084983 0.018315 -0.052638 -0.13134 -0.2244 -0.3584 -0.49581
1.0422 1.0877 1.1008 1.1203 1.1164 1.0967 1.0727 1.0479 1.0178 0.98672 0.9569 0.92915 0.90215 0.87477 0.848 0.82148 0.79377 0.76609 0.73928 0.71192 0.68876 0.6632 0.63308 0.59963 0.55992 0.52951 0.51762 0.48524 0.44373 0.3921 0.33479 0.2768 0.21781 0.15768 0.095732 0.030834 -0.039027 -0.11755 -0.21264 -0.35835 -0.48536
1.0659 1.1094 1.1393 1.1438 1.1241 1.1019 1.0788 1.055 1.0282 0.99887 0.97057 0.94402 0.92011 0.89625 0.87338 0.851 0.82805 0.80429 0.78023 0.7549 0.72995 0.70008 0.66721 0.65227 0.63505 0.60386 0.55777 0.50428 0.45102 0.39822 0.34498 0.28974 0.23298 0.1743 0.11359 0.049872 -0.019193 -0.097781 -0.19553 -0.3556 -0.46923
1.0874 1.1194 1.1677 1.1469 1.1275 1.1089 1.0872 1.0643 1.0409 1.0152 0.99012 0.96697 0.94615 0.92746 0.90779 0.88978 0.87099 0.85054 0.82513 0.79643 0.76411 0.75842 0.74384 0.71381 0.66799 0.61753 0.56703 0.51591 0.46483 0.41463 0.3632 0.30999 0.2545 0.19665 0.13677 0.073271 0.0053681 -0.073524 -0.17456 -0.34093 -0.45014
1.1048 1.153 1.1675 1.1512 1.1345 1.1172 1.0976 1.0782 1.0588 1.0366 1.0156 0.99715 0.97864 0.96471 0.9511 0.9361 0.91897 0.893 0.86214 0.85736 0.84232 0.81433 0.77131 0.72534 0.67917 0.63197 0.58465 0.53579 0.48581 0.43697 0.38683 0.33472 0.28072 0.22376 0.16408 0.10096 0.032056 -0.046921 -0.15186 -0.31135 -0.4268
1.1185 1.1814 1.1674 1.1547 1.1416 1.1282 1.1117 1.0948 1.0792 1.0625 1.0501 1.0343 1.0206 1.0113 0.99984 0.98185 0.9543 0.95251 0.94334 0.91344 0.86898 0.82623 0.78471 0.7415 0.69794 0.65335 0.60743 0.56037 0.51187 0.46286 0.41389 0.36277 0.30921 0.25283 0.19311 0.13007 0.060767 -0.018689 -0.12929 -0.28299 -0.40572
1.126 1.1848 1.1687 1.1601 1.1494 1.1389 1.1263 1.1175 1.1046 1.0924 1.0859 1.0765 1.0675 1.0572 1.0404 1.0264 1.0297 1.0098 0.97262 0.9306 0.88649 0.84338 0.80335 0.76271 0.72075 0.67792 0.63353 0.58774 0.54033 0.49107 0.44258 0.39218 0.33925 0.28414 0.22468 0.16102 0.09094 0.0082114 -0.11036 -0.25895 -0.38681
1.1247 1.1771 1.1666 1.1645 1.1595 1.1537 1.1457 1.139 1.1318 1.1276 1.1246 1.1182 1.1094 1.0896 1.0967 1.0918 1.0692 1.0321 0.99222 0.95108 0.90925 0.8661 0.82622 0.78688 0.74628 0.70445 0.66126 0.61654 0.57055 0.52218 0.47352 0.42385 0.37157 0.31626 0.25719 0.1931 0.12235 0.037916 -0.089747 -0.22974 -0.35967
1.1291 1.1685 1.1655 1.1676 1.167 1.1678 1.1661 1.1643 1.1653 1.1653 1.165 1.1611 1.1465 1.155 1.1393 1.1184 1.0886 1.054 1.0154 0.97583 0.93472 0.89292 0.85089 0.81286 0.77356 0.73292 0.69134 0.64766 0.6022 0.55478 0.50561 0.4561 0.4046 0.35084 0.29229 0.22841 0.15661 0.069065 -0.067691 -0.19647 -0.32557
1.1402 1.1557 1.1608 1.1703 1.1771 1.1822 1.1871 1.1918 1.1952 1.2014 1.2036 1.2023 1.2076 1.19 1.1641 1.1386 1.11 1.0775 1.041 1.0019 0.9623 0.92147 0.8798 0.84012 0.80209 0.7626 0.72159 0.67893 0.63445 0.588 0.54019 0.49008 0.4394 0.38557 0.32773 0.26423 0.19225 0.10229 -0.044631 -0.16209 -0.28887
1.1266 1.137 1.1514 1.1691 1.1845 1.1953 1.2068 1.2152 1.2242 1.2343 1.2477 1.2525 1.2411 1.2197 1.191 1.1598 1.1318 1.1012 1.0678 1.0296 0.99038 0.9503 0.90943 0.86773 0.83044 0.79207 0.75293 0.71132 0.66788 0.62244 0.57482 0.52477 0.47406 0.42187 0.36474 0.30171 0.22876 0.13594 -0.017299 -0.12594 -0.23905
1.0941 1.111 1.1382 1.1664 1.187 1.2059 1.2198 1.2346 1.2497 1.276 1.2824 1.2802 1.2664 1.2469 1.2173 1.1848 1.1539 1.1247 1.0928 1.0576 1.0192 0.97986 0.93971 0.89938 0.85872 0.82157 0.78325 0.74281 0.70052 0.65621 0.61048 0.56147 0.50968 0.4577 0.40144 0.33964 0.26658 0.17092 0.019398 -0.088186 -0.17525
1.0516 1.075 1.1189 1.1548 1.1837 1.2071 1.2263 1.2466 1.2885 1.3034 1.3094 1.3027 1.2882 1.269 1.2434 1.2111 1.1764 1.1469 1.1166 1.0845 1.0483 1.0097 0.97027 0.93014 0.8892 0.85027 0.8128 0.7744 0.73366 0.69051 0.64513 0.5973 0.54665 0.49381 0.43882 0.37704 0.30406 0.20655 0.057592 -0.049032 -0.11735
0.988 1.0253 1.0858 1.1337 1.1711 1.1971 1.218 1.2689 1.3137 1.327 1.3306 1.3232 1.3096 1.2896 1.266 1.2373 1.2031 1.1683 1.1395 1.1085 1.0752 1.0393 1.0012 0.96257 0.92246 0.8815 0.84407 0.80616 0.76634 0.72483 0.68134 0.63462 0.58385 0.53088 0.47529 0.41476 0.34192 0.2425 0.09656 -0.010254 -0.062792
0.90439 0.95661 1.0425 1.1034 1.1437 1.1674 1.2284 1.313 1.3297 1.3446 1.3478 1.3406 1.3278 1.3085 1.2855 1.2601 1.2285 1.194 1.161 1.1333 1.1017 1.0679 1.0302 0.99176 0.95257 0.91291 0.87235 0.83651 0.79798 0.75735 0.71445 0.66934 0.62097 0.56963 0.51309 0.45135 0.37926 0.27822 0.13446 0.028503 -0.011455
0.79449 0.8666 0.9768 1.0532 1.0945 1.1438 1.2612 1.3216 1.3414 1.358 1.3623 1.3573 1.3442 1.3259 1.304 1.2794 1.2528 1.2204 1.1849 1.154 1.1246 1.0926 1.0579 1.0204 0.98287 0.94376 0.90368 0.86484 0.82768 0.7884 0.74739 0.70318 0.65636 0.60564 0.55069 0.48866 0.41582 0.31316 0.17191 0.066973 0.036853
0.65175 0.74037 0.88185 0.97385 1.0232 1.1317 1.2858 1.3219 1.3469 1.3657 1.3723 1.3691 1.3578 1.341 1.3203 1.2967 1.2729 1.2442 1.2096 1.1738 1.1457 1.1155 1.0834 1.0485 1.0111 0.97294 0.93385 0.89357 0.85623 0.81858 0.77826 0.73536 0.68948 0.64079 0.58646 0.52527 0.45236 0.34845 0.20881 0.1045 0.08173
0.46254 0.58595 0.76048 0.8625 0.95872 1.1464 1.2791 1.3167 1.3471 1.3712 1.3786 1.3781 1.3686 1.3538 1.3348 1.3142 1.2897 1.2634 1.2324 1.1982 1.1645 1.136 1.1057 1.0735 1.0376 1.0015 0.96322 0.92388 0.88316 0.84614 0.80751 0.76642 0.72178 0.6735 0.62116 0.56063 0.48741 0.38225 0.24583 0.14214 0.12351
0.21455 0.37867 0.59852 0.71093 0.88842 1.1454 1.2567 1.3031 1.3395 1.3685 1.3797 1.3828 1.3761 1.3634 1.3478 1.3279 1.3047 1.2796 1.253 1.2196 1.185 1.1546 1.1265 1.096 1.0633 1.0271 0.98994 0.95187 0.91213 0.87263 0.83501 0.79473 0.75171 0.70514 0.65319 0.59417 0.52198 0.4154 0.28038 0.17754 0.16226
-0.10921 0.10842 0.39207 0.55978 0.81 1.1133 1.2185 1.2822 1.326 1.3605 1.3782 1.383 1.38 1.3718 1.357 1.3384 1.3173 1.2937 1.2688 1.24 1.2065 1.172 1.1438 1.1152 1.085 1.0512 1.0157 0.97822 0.93942 0.89931 0.86019 0.82124 0.77968 0.73422 0.68352 0.62581 0.55479 0.44951 0.31313 0.2118 0.19654
-0.5225 -0.2438 0.13524 0.38995 0.74078 1.0534 1.1676 1.2511 1.3036 1.345 1.3686 1.3786 1.3792 1.3745 1.3625 1.3469 1.3274 1.3054 1.2814 1.2559 1.2246 1.1913 1.1591 1.1328 1.104 1.0732 1.0383 1.0022 0.96432 0.9249 0.88414 0.84598 0.80523 0.76074 0.71135 0.65526 0.58572 0.4826 0.34533 0.2445 0.22693
-0.62309 -0.55057 -0.18447 0.18037 0.6388 0.96005 1.103 1.202 1.2733 1.3231 1.3534 1.3687 1.3759 1.3736 1.3648 1.3513 1.3341 1.3141 1.2922 1.2686 1.2413 1.2093 1.1762 1.1469 1.1198 1.091 1.059 1.0236 0.98671 0.94873 0.90863 0.86753 0.82809 0.78518 0.73749 0.68205 0.61415 0.51422 0.37605 0.27492 0.25209
-0.75389 -0.65286 -0.52922 -0.069073 0.48906 0.83837 1.0192 1.1395 1.2288 1.2933 1.331 1.3531 1.3658 1.3678 1.3629 1.3526 1.3386 1.3208 1.3003 1.2778 1.255 1.225 1.1936 1.1608 1.1348 1.1072 1.0781 1.0434 1.0074 0.96981 0.93042 0.88889 0.84871 0.80722 0.76041 0.7067 0.63995 0.54383 0.40439 0.30487 0.27148
-0.95462 -0.77947 -0.60845 -0.36336 0.27926 0.69883 0.91019 1.0667 1.1711 1.2552 1.3025 1.3336 1.3504 1.3574 1.357 1.3503 1.3387 1.3249 1.3065 1.2858 1.2637 1.237 1.207 1.1754 1.1459 1.1204 1.0922 1.0611 1.0262 0.98948 0.94991 0.90929 0.86694 0.82627 0.78104 0.72853 0.66379 0.57159 0.42972 0.33253 0.28475
-1.0673 -0.97861 -0.69965 -0.55504 0.027472 0.53176 0.7863 0.97057 1.1021 1.2014 1.2661 1.3058 1.3295 1.3422 1.3463 1.3436 1.3371 1.3251 1.3091 1.2904 1.2695 1.2458 1.2168 1.187 1.1555 1.1298 1.1032 1.0742 1.0409 1.0055 0.96829 0.92853 0.88625 0.84297 0.79879 0.74781 0.6852 0.59732 0.45304 0.35759 0.29107
-1.0782 -1.0673 -0.80997 -0.62447 -0.29245 0.32043 0.6468 0.8623 1.02 1.1382 1.218 1.2723 1.3029 1.3217 1.331 1.3346 1.3301 1.3207 1.3074 1.2909 1.2719 1.2513 1.2239 1.195 1.1648 1.1365 1.1114 1.0843 1.0536 1.0189 0.98214 0.94327 0.90218 0.85802 0.8151 0.76448 0.70471 0.62079 0.47399 0.37997 0.28612
-0.8625 -1.0768 -0.96913 -0.69824 -0.5439 0.074022 0.4906 0.74427 0.92245 1.0655 1.1608 1.2291 1.2709 1.2963 1.3109 1.319 1.3186 1.3126 1.3023 1.2887 1.2719 1.2527 1.2275 1.2002 1.1714 1.1419 1.1177 1.0915 1.0624 1.0288 0.99344 0.95544 0.91498 0.8715 0.82755 0.77985 0.72091 0.64164 0.50642 0.40014 0.30569
-0.62479 -0.93274 -1.0645 -0.77477 -0.59942 -0.21005 0.32375 0.61041 0.82046 0.98265 1.099 1.1769 1.231 1.2659 1.2879 1.2992 1.3028 1.3004 1.2932 1.2819 1.2674 1.25 1.2266 1.2017 1.1744 1.1457 1.1199 1.0952 1.0679 1.0361 1.0013 0.96427 0.92478 0.88227 0.83756 0.79113 0.73557 0.66087 0.53676 0.41819 0.3252
-0.43131 -0.72868 -1.0711 -0.87609 -0.65011 -0.49238 0.11154 0.48122 0.71467 0.89277 1.0291 1.1189 1.1828 1.2279 1.2593 1.275 1.2826 1.2839 1.28 1.2715 1.2594 1.2429 1.2219 1.1985 1.173 1.1459 1.119 1.0962 1.0702 1.0395 1.0059 0.96989 0.9314 0.89029 0.84504 0.79996 0.74626 0.67606 0.5644 0.43379 0.34353
-0.28554 -0.56384 -1.0773 -0.98529 -0.69925 -0.55092 -0.12546 0.35063 0.60371 0.79868 0.95274 1.0603 1.1331 1.1842 1.2217 1.2458 1.2583 1.2632 1.2624 1.2567 1.2463 1.2309 1.2124 1.191 1.1675 1.1422 1.1152 1.0931 1.0686 1.0392 1.0069 0.97244 0.9354 0.89494 0.85085 0.80534 0.75391 0.68836 0.58671 0.44791 0.35945
-0.18536 -0.44309 -1.0265 -1.0625 -0.75027 -0.58032 -0.24834 0.16463 0.48609 0.70971 0.87732 0.99252 1.0803 1.136 1.1802 1.2095 1.2271 1.2366 1.2383 1.2348 1.2263 1.2138 1.1976 1.1785 1.1571 1.1336 1.1083 1.0862 1.0632 1.0351 1.0043 0.97077 0.93458 0.89536 0.85256 0.80741 0.75861 0.6968 0.60634 0.45847 0.37373
-0.12338 -0.36494 -0.93372 -1.0656 -0.79623 -0.6115 -0.3642 0.081477 0.3884 0.60634 0.81361 0.92509 1.023 1.0887 1.1349 1.17 1.1905 1.2029 1.2083 1.2077 1.2018 1.1916 1.1774 1.1605 1.1413 1.1198 1.0962 1.0746 1.0525 1.0257 0.99623 0.96413 0.92935 0.8915 0.85036 0.80601 0.75912 0.70126 0.6205 0.48031 0.38478
-0.094942 -0.32513 -0.87717 -1.0678 -0.84065 -0.63853 -0.47986 0.00061698 0.33058 0.56438 0.73812 0.86381 0.96433 1.0394 1.0914 1.1277 1.1529 1.1678 1.1759 1.1775 1.1729 1.1642 1.1525 1.1377 1.1203 1.1005 1.0784 1.0577 1.0358 1.0106 0.98271 0.9522 0.91894 0.88261 0.84281 0.79976 0.75522 0.70116 0.62883 0.51333 0.39223
-0.094778 -0.32006 -0.85665 -1.069 -0.87032 -0.65805 -0.52862 -0.07732 0.26528 0.51252 0.69782 0.83156 0.92787 1.0008 1.0486 1.0897 1.1148 1.1326 1.1412 1.1442 1.1418 1.1349 1.1243 1.111 1.0945 1.0758 1.0553 1.0342 1.0131 0.98935 0.96289 0.93396 0.90236 0.86767 0.82953 0.78824 0.74607 0.69566 0.63069 0.53282 0.39574
-0.12062 -0.34637 -0.87011 -1.0691 -0.88125 -0.66867 -0.53956 -0.136 0.21114 0.46247 0.64949 0.78711 0.89251 0.96986 1.0248 1.0617 1.0868 1.0991 1.1058 1.1153 1.1095 1.1044 1.0946 1.0818 1.0663 1.0482 1.0264 1.0058 0.98517 0.96208 0.93715 0.90969 0.87925 0.84615 0.80957 0.77024 0.73033 0.68358 0.625 0.54058 0.39427
-0.17048 -0.40161 -0.91465 -1.0681 -0.87343 -0.66982 -0.54417 -0.17061 0.17548 0.42319 0.61017 0.75115 0.85496 0.93352 0.99216 1.033 1.0597 1.0771 1.0849 1.087 1.0818 1.072 1.0598 1.0486 1.0363 1.0174 0.99617 0.97457 0.95512 0.93258 0.90806 0.88071 0.85144 0.81824 0.78349 0.7463 0.70814 0.66421 0.61099 0.53986 0.43043
-0.24621 -0.48467 -0.98702 -1.0663 -0.84893 -0.6627 -0.54347 -0.18534 0.15047 0.39556 0.57745 0.71641 0.81993 0.8982 0.95889 0.99963 1.0289 1.0502 1.0591 1.0615 1.0585 1.0511 1.0398 1.0235 1.0038 0.97975 0.95501 0.93559 0.9173 0.9048 0.87794 0.85122 0.82168 0.78892 0.75381 0.71844 0.68143 0.63937 0.58947 0.52791 0.44738
-0.35044 -0.59547 -1.0801 -1.0637 -0.81036 -0.64729 -0.53578 -0.16563 0.14538 0.38056 0.55563 0.69063 0.7892 0.86783 0.92451 0.96688 0.99526 1.0152 1.0268 1.0306 1.0289 1.0212 1.0093 0.99389 0.97651 0.95635 0.93326 0.91352 0.89132 0.86594 0.83856 0.80904 0.77871 0.74739 0.72077 0.68938 0.65341 0.61305 0.56607 0.50983 0.44595
-0.48523 -0.73301 -1.0754 -1.034 -0.76784 -0.6225 -0.52177 -0.12863 0.16551 0.38545 0.549 0.67635 0.77137 0.84248 0.89763 0.93774 0.96478 0.98509 0.99436 0.99835 0.99656 0.98861 0.97617 0.96183 0.945 0.92431 0.90319 0.88408 0.86218 0.83824 0.81313 0.78453 0.75342 0.71986 0.68348 0.64795 0.61055 0.56894 0.52377 0.47538 0.42879
-0.65002 -0.8933 -1.0701 -0.94184 -0.72239 -0.59433 -0.42706 -0.064019 0.2071 0.40234 0.55597 0.6715 0.76221 0.82551 0.87893 0.91431 0.93916 0.95639 0.96225 0.96371 0.9617 0.95483 0.94231 0.92763 0.90861 0.8878 0.86906 0.84917 0.82846 0.80392 0.77828 0.7498 0.7191 0.68767 0.65519 0.62084 0.58378 0.54319 0.49864 0.44986 0.40082
-0.84012 -1.0687 -1.0648 -0.84523 -0.67427 -0.56205 -0.31287 0.014036 0.25498 0.43509 0.57345 0.68077 0.75984 0.81876 0.86423 0.89488 0.91943 0.93302 0.93937 0.93903 0.93354 0.92454 0.9125 0.89756 0.87959 0.85859 0.84055 0.82011 0.7976 0.77377 0.74718 0.71807 0.68764 0.65449 0.62197 0.58802 0.55116 0.51123 0.46811 0.4223 0.37931
-1.0448 -1.0733 -1.0096 -0.76232 -0.62604 -0.52965 -0.18551 0.10052 0.31563 0.47184 0.59536 0.691 0.76364 0.81738 0.85763 0.88663 0.90514 0.91918 0.92586 0.92464 0.91984 0.90948 0.89553 0.87902 0.8595 0.8389 0.81802 0.79673 0.77256 0.74721 0.71916 0.68856 0.65718 0.62365 0.59141 0.55704 0.51944 0.4787 0.43608 0.39141 0.35117
-1.0732 -1.0662 -0.87939 -0.6956 -0.58077 -0.39627 -0.057533 0.18813 0.37675 0.51801 0.62439 0.70882 0.77289 0.81953 0.85879 0.88785 0.90161 0.90903 0.90936 0.90551 0.8961 0.88301 0.86643 0.84816 0.82544 0.80807 0.78666 0.76428 0.73955 0.71238 0.68415 0.65324 0.62108 0.58875 0.5558 0.52009 0.48179 0.44146 0.39839 0.35432 0.31584
-1.0653 -1.0139 -0.77079 -0.63445 -0.5382 -0.23087 0.058825 0.27156 0.43451 0.5601 0.65606 0.73055 0.78432 0.82716 0.85347 0.87331 0.8842 0.88825 0.88654 0.88062 0.86959 0.85492 0.83709 0.81655 0.79607 0.77541 0.75275 0.72813 0.70373 0.67633 0.64805 0.61687 0.58378 0.55266 0.51907 0.48298 0.44388 0.403 0.35959 0.31602 0.27757
-0.97701 -0.86237 -0.69096 -0.58015 -0.40887 -0.07787 0.16911 0.35446 0.49438 0.60154 0.68473 0.73993 0.7896 0.82606 0.84996 0.86482 0.87303 0.87415 0.8699 0.86106 0.84905 0.83259 0.81341 0.79209 0.77257 0.75077 0.7269 0.70085 0.67328 0.64396 0.61291 0.58011 0.54891 0.51547 0.47997 0.44213 0.40197 0.36085 0.31822 0.27449 0.23756
-0.81834 -0.74802 -0.62293 -0.53258 -0.21577 0.06235 0.2697 0.42853 0.54951 0.63727 0.7058 0.75525 0.79805 0.82714 0.84688 0.85772 0.86244 0.86051 0.85373 0.84271 0.82802 0.811 0.79039 0.77047 0.74919 0.72606 0.70092 0.67396 0.64526 0.61453 0.5826 0.55009 0.51801 0.48333 0.44673 0.40787 0.3668 0.32334 0.27857 0.23366 0.1971
-0.7127 -0.66406 -0.56396 -0.35378 -0.044371 0.18505 0.36036 0.49331 0.59217 0.6716 0.73011 0.77139 0.80593 0.82904 0.84375 0.85042 0.85087 0.84677 0.83746 0.82426 0.8076 0.78809 0.76815 0.74806 0.72566 0.70115 0.67433 0.64615 0.61631 0.58485 0.55139 0.52005 0.48668 0.45073 0.41263 0.37196 0.3299 0.28586 0.24027 0.19653 0.15981
-0.62962 -0.59412 -0.48591 -0.15151 0.10201 0.29522 0.4404 0.55217 0.63641 0.70289 0.75116 0.78661 0.81178 0.82966 0.83971 0.84246 0.83934 0.83227 0.82048 0.80545 0.78703 0.7659 0.74664 0.72519 0.70131 0.67543 0.64735 0.61754 0.58655 0.55401 0.5217 0.48834 0.45367 0.41686 0.37791 0.33683 0.29367 0.24857 0.20286 0.15956 0.12227
-0.56211 -0.53599 -0.25246 0.022581 0.23135 0.3884 0.50953 0.60247 0.67357 0.72906 0.76925 0.79797 0.81729 0.82876 0.83391 0.83349 0.82766 0.81729 0.80378 0.78642 0.76621 0.74569 0.72476 0.70152 0.67675 0.6491 0.62011 0.5895 0.55653 0.52359 0.49165 0.45768 0.42165 0.38352 0.3433 0.30098 0.25661 0.21036 0.16567 0.12182 0.083374
-0.44964 -0.34091 -0.054965 0.1717 0.34024 0.47151 0.57213 0.64873 0.70557 0.75112 0.78437 0.80694 0.81995 0.82693 0.82787 0.82391 0.81489 0.80194 0.78614 0.76682 0.74651 0.72598 0.70339 0.67861 0.65149 0.62342 0.59275 0.56011 0.52685 0.49538 0.46196 0.42654 0.38909 0.3496 0.30804 0.2644 0.21875 0.17323 0.12804 0.082978 0.043246
-0.18659 -0.11946 0.11166 0.29493 0.4382 0.54383 0.62566 0.68779 0.73235 0.76883 0.79511 0.8121 0.82097 0.82363 0.82045 0.81358 0.80188 0.78616 0.76769 0.74746 0.72808 0.70588 0.68151 0.65522 0.62702 0.59707 0.56484 0.53194 0.49984 0.46683 0.43189 0.39499 0.35611 0.31521 0.27225 0.22725 0.18137 0.1361 0.089639 0.043247 0.0021085
