72	41
-0.020926 -0.014457 0.014726 0.038559 0.056807 0.070686 0.081066 0.088829 0.094301 0.098341 0.10143 0.10325 0.10394 0.1038 0.10281 0.10123 0.099008 0.096276 0.093106 0.089487 0.085547 0.081303 0.076759 0.072016 0.06706 0.061915 0.056539 0.051041 0.04552 0.0398 0.033958 0.027993 0.021906 0.015695 0.0093638 0.0029172 -0.0036338 -0.010266 -0.01692 -0.023412 -0.029093
0.0049964 0.0080531 0.03259 0.052009 0.067271 0.078778 0.087684 0.093484 0.097961 0.10076 0.10242 0.10349 0.10354 0.1028 0.10135 0.099368 0.096786 0.093743 0.0903 0.086517 0.082442 0.077989 0.073205 0.068184 0.063054 0.057757 0.052309 0.046715 0.040991 0.035159 0.029288 0.023228 0.017051 0.010758 0.0043483 -0.0021718 -0.0087929 -0.015493 -0.022218 -0.028789 -0.034561
0.026236 0.027146 0.047523 0.063854 0.076429 0.085817 0.092646 0.097682 0.10109 0.10313 0.10387 0.10346 0.10293 0.10168 0.099802 0.097367 0.094524 0.09118 0.087458 0.083401 0.07912 0.074505 0.069659 0.064618 0.05936 0.05394 0.0483 0.042482 0.036657 0.03072 0.024675 0.01852 0.012253 0.005953 -0.00053547 -0.0071315 -0.013827 -0.020602 -0.027405 -0.034065 -0.039941
0.04367 0.045285 0.059724 0.073437 0.083598 0.0914 0.096908 0.10093 0.10332 0.10474 0.10501 0.10465 0.10291 0.10099 0.098151 0.095376 0.092231 0.088619 0.084656 0.080382 0.075809 0.071085 0.066068 0.060854 0.055466 0.049926 0.044228 0.038426 0.032514 0.026498 0.020278 0.014036 0.0076854 0.0012262 -0.0053411 -0.012014 -0.018784 -0.025636 -0.032521 -0.039276 -0.045254
0.059824 0.062678 0.069875 0.081297 0.089858 0.096462 0.1007 0.10365 0.10515 0.1058 0.10542 0.1045 0.10284 0.10047 0.097527 0.094131 0.090444 0.086071 0.081893 0.077424 0.072694 0.067769 0.062604 0.057254 0.05174 0.046081 0.040295 0.034398 0.028387 0.022275 0.016062 0.0097362 0.0033113 -0.0032206 -0.0098597 -0.016604 -0.023448 -0.030378 -0.037351 -0.044187 -0.050239
0.072347 0.072929 0.080164 0.088533 0.095729 0.10048 0.10378 0.10576 0.10646 0.10642 0.10593 0.10429 0.10218 0.09943 0.096349 0.092857 0.088892 0.084725 0.08008 0.075372 0.070242 0.065096 0.059652 0.053998 0.048201 0.042437 0.036553 0.030561 0.024469 0.018281 0.011995 0.005608 -0.00088221 -0.0074786 -0.014182 -0.020993 -0.027882 -0.034838 -0.04187 -0.04884 -0.055047
0.083239 0.082065 0.089264 0.096183 0.10101 0.10462 0.10683 0.10806 0.10817 0.10746 0.10612 0.10401 0.10147 0.098748 0.095159 0.091371 0.087323 0.082742 0.078072 0.073158 0.067861 0.062545 0.05712 0.051609 0.045669 0.039767 0.033755 0.027502 0.021309 0.015024 0.0085151 0.0020494 -0.0045181 -0.011259 -0.018003 -0.024861 -0.031818 -0.03892 -0.046072 -0.053302 -0.059686
0.09137 0.090016 0.095841 0.10061 0.10397 0.10653 0.1103 0.11081 0.11007 0.10867 0.10661 0.10444 0.10146 0.098145 0.094239 0.090156 0.085844 0.081383 0.07634 0.071236 0.06593 0.060443 0.054717 0.048936 0.043026 0.037003 0.03074 0.024538 0.01825 0.011875 0.005465 -0.0011905 -0.007804 -0.014552 -0.021356 -0.028439 -0.035505 -0.042651 -0.049914 -0.05714 -0.063822
0.098255 0.097714 0.10153 0.10523 0.1078 0.10913 0.10967 0.10934 0.10869 0.10734 0.106 0.10369 0.10072 0.097373 0.093361 0.089174 0.084737 0.079946 0.074775 0.069525 0.064082 0.058462 0.052672 0.046675 0.040638 0.034498 0.028266 0.022007 0.015509 0.0091523 0.0027051 -0.0038496 -0.01055 -0.017454 -0.024379 -0.031414 -0.038487 -0.045815 -0.053184 -0.060649 -0.067421
0.10411 0.10383 0.10704 0.10983 0.11149 0.11217 0.11193 0.11102 0.10947 0.10734 0.10499 0.10216 0.098694 0.094887 0.090867 0.086289 0.081826 0.07691 0.071654 0.066434 0.060928 0.055259 0.049544 0.043587 0.037594 0.031435 0.025202 0.018932 0.012551 0.0060645 -0.00045202 -0.0070892 -0.013823 -0.020619 -0.02753 -0.034649 -0.041882 -0.049182 -0.056579 -0.064076 -0.071045
0.10834 0.10901 0.11171 0.11412 0.11557 0.11565 0.11503 0.1138 0.11183 0.10947 0.10651 0.10318 0.099512 0.095479 0.091073 0.086341 0.081511 0.076386 0.07106 0.06562 0.060013 0.054122 0.048208 0.042302 0.03614 0.029922 0.023593 0.017192 0.010802 0.0041991 -0.0024129 -0.0091107 -0.015902 -0.022717 -0.029711 -0.036819 -0.044053 -0.051428 -0.058964 -0.066582 -0.073858
0.11168 0.11311 0.11566 0.11745 0.11818 0.11799 0.11698 0.1152 0.11305 0.11026 0.10709 0.10356 0.099578 0.095355 0.09085 0.086016 0.080924 0.075734 0.070379 0.064793 0.05905 0.053134 0.047025 0.041045 0.034803 0.028481 0.022109 0.015658 0.0091688 0.0025681 -0.004164 -0.010896 -0.017747 -0.02469 -0.031718 -0.038909 -0.046206 -0.053615 -0.061274 -0.069113 -0.076744
0.11489 0.11602 0.11788 0.11912 0.11908 0.11842 0.11702 0.11486 0.11227 0.10919 0.10579 0.10203 0.097864 0.093365 0.088756 0.083802 0.07877 0.073438 0.06803 0.06241 0.05666 0.050537 0.044497 0.038425 0.03233 0.026052 0.01971 0.013309 0.0068299 0.00034807 -0.0061887 -0.012967 -0.019712 -0.026405 -0.033353 -0.04041 -0.047568 -0.054913 -0.062435 -0.070167 -0.078106
0.11774 0.11781 0.11925 0.11987 0.11989 0.11866 0.11706 0.1149 0.11222 0.10899 0.10538 0.10158 0.097531 0.093099 0.088504 0.083652 0.078592 0.073264 0.067629 0.062021 0.056233 0.05032 0.044337 0.038377 0.032241 0.02596 0.019676 0.013324 0.0068799 0.00050535 -0.0060706 -0.012718 -0.019444 -0.026257 -0.033052 -0.039997 -0.047152 -0.054485 -0.061976 -0.069986 -0.078433
0.11963 0.11937 0.12037 0.12059 0.12027 0.11926 0.11759 0.11534 0.11237 0.10922 0.10597 0.1022 0.09807 0.093749 0.089053 0.084372 0.079366 0.074041 0.068543 0.063082 0.057115 0.051187 0.045205 0.039349 0.033193 0.026932 0.020699 0.014281 0.0078097 0.0012843 -0.0053007 -0.011918 -0.018642 -0.025401 -0.032292 -0.039294 -0.046442 -0.053811 -0.061534 -0.069788 -0.0782
0.12038 0.12018 0.12101 0.12143 0.1213 0.12041 0.1188 0.11647 0.11416 0.11115 0.10772 0.10425 0.10017 0.096087 0.091411 0.086445 0.081348 0.076013 0.070509 0.064776 0.058893 0.052871 0.046776 0.040535 0.034298 0.027918 0.021484 0.015031 0.0085082 0.0019162 -0.0047532 -0.011324 -0.017583 -0.02396 -0.030781 -0.037612 -0.044694 -0.051959 -0.059695 -0.068238 -0.078488
0.12143 0.12138 0.1232 0.12415 0.124 0.12336 0.12213 0.12007 0.11756 0.1145 0.11104 0.10723 0.10313 0.098626 0.09387 0.088835 0.083597 0.07805 0.072309 0.066369 0.060349 0.054148 0.047794 0.041391 0.035186 0.029132 0.02291 0.01647 0.01009 0.0036345 -0.0028177 -0.0093607 -0.015894 -0.022497 -0.029168 -0.035899 -0.042912 -0.050268 -0.058271 -0.067421 -0.07968
0.12284 0.12412 0.12685 0.12785 0.12789 0.12743 0.12605 0.1239 0.12124 0.11801 0.11459 0.11057 0.10618 0.10143 0.096311 0.091009 0.085348 0.079334 0.073331 0.068074 0.062103 0.055837 0.049556 0.043186 0.036811 0.030403 0.024104 0.017785 0.011503 0.0052458 -0.00091628 -0.0071906 -0.013524 -0.019968 -0.026595 -0.033503 -0.040781 -0.048718 -0.057467 -0.067156 -0.080037
0.12489 0.12777 0.13087 0.13236 0.1328 0.13204 0.13057 0.12818 0.12525 0.12164 0.11769 0.1132 0.1082 0.10278 0.098684 0.093523 0.087675 0.081701 0.075557 0.069341 0.063076 0.056777 0.050509 0.044432 0.038262 0.032252 0.026201 0.020201 0.014229 0.0082469 0.0022 -0.0038857 -0.010302 -0.017048 -0.024287 -0.031815 -0.038909 -0.044814 -0.052367 -0.062742 -0.080791
0.12789 0.13179 0.13598 0.13757 0.13779 0.13666 0.13458 0.13163 0.1279 0.12338 0.12111 0.11658 0.11154 0.10599 0.10033 0.094523 0.08854 0.082515 0.076463 0.070422 0.064589 0.058606 0.052772 0.046905 0.041102 0.035471 0.029745 0.024005 0.018175 0.012158 0.0058364 -0.00085561 -0.0079214 -0.014424 -0.019056 -0.025103 -0.032575 -0.04095 -0.051246 -0.063759 -0.084598
0.13108 0.1367 0.14142 0.14259 0.14185 0.13988 0.1366 0.13622 0.13248 0.12791 0.12316 0.11783 0.11242 0.1068 0.10122 0.095624 0.089954 0.084212 0.078496 0.07282 0.067322 0.061744 0.056324 0.050849 0.045387 0.040007 0.034339 0.028401 0.021991 0.015214 0.009125 0.0050103 -0.00020724 -0.0067175 -0.014274 -0.022898 -0.031804 -0.041284 -0.051723 -0.065139 -0.084898
0.13464 0.14179 0.14601 0.14596 0.1441 0.14573 0.14259 0.13843 0.13381 0.12886 0.12394 0.11895 0.11356 0.10824 0.10294 0.097681 0.092397 0.087063 0.081785 0.076567 0.071547 0.066505 0.061338 0.056063 0.050702 0.044724 0.03824 0.031965 0.028103 0.023813 0.018102 0.011186 0.0029309 -0.0054798 -0.013975 -0.022525 -0.031324 -0.040668 -0.051298 -0.06592 -0.084414
0.13861 0.14636 0.14862 0.15198 0.15131 0.14792 0.14377 0.1395 0.13483 0.13001 0.12538 0.12065 0.11561 0.11058 0.10571 0.10094 0.096053 0.091237 0.086614 0.081875 0.07724 0.07238 0.066996 0.061279 0.054839 0.049832 0.047448 0.042388 0.035918 0.028203 0.019944 0.011802 0.0037291 -0.0043652 -0.012558 -0.020927 -0.029665 -0.039063 -0.050006 -0.066035 -0.082857
0.1426 0.15011 0.15526 0.15604 0.15265 0.14881 0.14481 0.14071 0.13645 0.13189 0.12751 0.12321 0.11863 0.11411 0.1098 0.10563 0.10142 0.097147 0.092886 0.088494 0.0836 0.078016 0.072146 0.068951 0.065518 0.06025 0.053093 0.045123 0.037156 0.029248 0.021475 0.013636 0.005795 -0.0021327 -0.010222 -0.018498 -0.027225 -0.036735 -0.048095 -0.06588 -0.080514
0.14631 0.15184 0.16013 0.15658 0.15324 0.15003 0.14628 0.14232 0.13842 0.13443 0.13054 0.12695 0.12296 0.1192 0.11534 0.11179 0.10816 0.10433 0.099812 0.094862 0.08905 0.086879 0.083488 0.078 0.070445 0.06244 0.054626 0.046922 0.039328 0.031705 0.024103 0.016459 0.0087154 0.00085751 -0.0071793 -0.015494 -0.024161 -0.033842 -0.045725 -0.064412 -0.077834
0.14931 0.15763 0.16011 0.15731 0.15444 0.15146 0.14807 0.14472 0.14136 0.13776 0.1345 0.13163 0.12833 0.12528 0.12232 0.11917 0.11574 0.11102 0.10563 0.10419 0.10114 0.095542 0.08793 0.080093 0.072426 0.064809 0.057364 0.049893 0.042457 0.035015 0.027506 0.019926 0.012291 0.0044677 -0.0035656 -0.011912 -0.020781 -0.030622 -0.043128 -0.061265 -0.074681
0.15167 0.16249 0.16008 0.15791 0.15566 0.15335 0.1505 0.14758 0.14489 0.142 0.13986 0.1374 0.13524 0.13286 0.13018 0.12653 0.12148 0.12036 0.11815 0.11287 0.10551 0.097923 0.090451 0.082933 0.075555 0.06822 0.060884 0.053573 0.04625 0.038881 0.03144 0.023899 0.016229 0.0083908 0.00032024 -0.0080978 -0.017103 -0.027143 -0.040513 -0.058241 -0.072002
0.15296 0.16307 0.16032 0.15885 0.15701 0.1552 0.15303 0.1515 0.14928 0.14717 0.14605 0.14442 0.14287 0.14051 0.13687 0.13378 0.13336 0.12944 0.12296 0.11582 0.10846 0.10118 0.093835 0.086593 0.079351 0.072168 0.06495 0.057718 0.050445 0.043107 0.035678 0.028134 0.020447 0.012673 0.0045373 -0.0039889 -0.013189 -0.023736 -0.038295 -0.055694 -0.069778
0.15274 0.16175 0.15996 0.15959 0.15874 0.15775 0.15637 0.15522 0.15397 0.15325 0.15273 0.15162 0.1501 0.14668 0.14669 0.1447 0.13988 0.13328 0.12637 0.11933 0.11226 0.10509 0.097948 0.09079 0.083637 0.076493 0.069339 0.062152 0.05497 0.047645 0.040311 0.032758 0.02505 0.01714 0.0089503 0.00032792 -0.0090574 -0.019926 -0.035827 -0.052522 -0.067012
0.1535 0.16028 0.15977 0.16013 0.16002 0.16016 0.15987 0.15956 0.15973 0.15973 0.15969 0.15901 0.15651 0.15797 0.15469 0.14983 0.14369 0.13714 0.13038 0.12353 0.11652 0.1095 0.10245 0.095368 0.08829 0.081202 0.074163 0.067009 0.059787 0.052478 0.045116 0.037561 0.029842 0.022019 0.013778 0.0050654 -0.0044964 -0.015876 -0.033057 -0.048723 -0.063419
0.15542 0.15809 0.15896 0.16059 0.16176 0.16262 0.16346 0.16426 0.16485 0.16592 0.16629 0.16606 0.16696 0.16396 0.15952 0.15403 0.14794 0.14143 0.1348 0.12799 0.12116 0.11423 0.10725 0.10026 0.093243 0.086202 0.079125 0.071995 0.064792 0.057498 0.0502 0.042701 0.034972 0.027018 0.018743 0.0099551 0.00031589 -0.011498 -0.030109 -0.044677 -0.059474
0.15307 0.15488 0.15736 0.16038 0.16301 0.16486 0.16684 0.16827 0.16981 0.17153 0.17383 0.17467 0.1727 0.16904 0.16413 0.15856 0.15241 0.14605 0.13948 0.13274 0.12593 0.11906 0.11215 0.1052 0.098298 0.091292 0.084358 0.077252 0.07007 0.062792 0.055396 0.047856 0.04019 0.032326 0.024014 0.01515 0.0052547 -0.0069898 -0.02658 -0.040209 -0.053922
0.14746 0.15039 0.15508 0.15992 0.16345 0.16669 0.16906 0.1716 0.17417 0.17955 0.18087 0.18042 0.17755 0.1737 0.16863 0.16306 0.15706 0.15077 0.14428 0.13762 0.13088 0.12406 0.1172 0.11039 0.10347 0.096513 0.089569 0.082501 0.075353 0.068105 0.06084 0.053311 0.045597 0.037683 0.029352 0.020508 0.010453 -0.0022319 -0.021813 -0.035473 -0.046289
0.14012 0.14416 0.15175 0.15794 0.16288 0.16688 0.17017 0.17364 0.18213 0.18521 0.18645 0.18506 0.18206 0.1781 0.17309 0.16757 0.16164 0.15543 0.14903 0.14257 0.1359 0.12916 0.12236 0.11552 0.10865 0.10174 0.094789 0.087883 0.080824 0.073604 0.066258 0.058758 0.051063 0.043188 0.034888 0.025904 0.015706 0.0026562 -0.016775 -0.030482 -0.039123
0.13021 0.136 0.14602 0.15429 0.16072 0.16517 0.16876 0.17807 0.18734 0.19009 0.19083 0.1893 0.18649 0.18235 0.17747 0.17204 0.16621 0.1601 0.15379 0.14732 0.14074 0.13427 0.12761 0.12095 0.11414 0.10728 0.10038 0.093408 0.086346 0.079223 0.072004 0.06452 0.056669 0.048717 0.040413 0.031451 0.021113 0.0076398 -0.01155 -0.025456 -0.032255
0.1172 0.12534 0.13866 0.14907 0.15603 0.1601 0.17052 0.1872 0.19065 0.19373 0.19439 0.19291 0.19025 0.18626 0.18152 0.17624 0.17054 0.16464 0.15843 0.15237 0.14587 0.13928 0.13264 0.12594 0.11921 0.11249 0.10565 0.098848 0.091833 0.084701 0.077429 0.070033 0.062375 0.054501 0.046128 0.036954 0.026556 0.012686 -0.006371 -0.020345 -0.025675
0.10001 0.11129 0.12847 0.1404 0.14753 0.15604 0.17649 0.18898 0.19306 0.19652 0.1974 0.19637 0.19365 0.18986 0.18534 0.18024 0.17473 0.16916 0.16309 0.15685 0.15054 0.14405 0.1375 0.1309 0.12437 0.11767 0.1109 0.1041 0.09715 0.090075 0.082936 0.07553 0.067948 0.06002 0.051716 0.042654 0.031998 0.017723 -0.0011581 -0.015184 -0.019368
0.077672 0.091535 0.11367 0.12801 0.13567 0.15395 0.18156 0.18905 0.1942 0.1981 0.19947 0.19881 0.19646 0.193 0.1887 0.18383 0.17889 0.17323 0.16731 0.16119 0.15504 0.14868 0.14224 0.1358 0.12925 0.12264 0.11596 0.10919 0.1024 0.095425 0.088251 0.080893 0.073305 0.06552 0.057157 0.048081 0.037533 0.0229 0.0040087 -0.010056 -0.013394
0.048081 0.067381 0.094683 0.11065 0.12567 0.15649 0.18017 0.18797 0.19425 0.19924 0.20077 0.20066 0.19871 0.19565 0.19171 0.18744 0.18237 0.17694 0.17122 0.16536 0.15925 0.15302 0.14671 0.14033 0.13389 0.12754 0.12094 0.11424 0.10743 0.10049 0.093421 0.086188 0.078639 0.070772 0.062545 0.053409 0.042802 0.027966 0.0092612 -0.0048285 -0.0077205
0.0092975 0.034964 0.069347 0.086928 0.1147 0.15632 0.17555 0.18514 0.19269 0.19868 0.201 0.20163 0.20025 0.19762 0.1944 0.19027 0.18548 0.18029 0.17478 0.16903 0.1631 0.15714 0.15103 0.14477 0.13844 0.13204 0.12555 0.11899 0.11226 0.10547 0.098418 0.09117 0.083719 0.075959 0.067648 0.058576 0.047949 0.033 0.014274 0.00018576 -0.0023498
-0.041005 -0.0072421 0.03706 0.063289 0.10243 0.15077 0.16883 0.18082 0.1899 0.19703 0.20068 0.20169 0.20105 0.19937 0.19629 0.19245 0.18808 0.18319 0.17805 0.17252 0.16677 0.16088 0.15486 0.14875 0.14261 0.13632 0.13003 0.12352 0.11687 0.11012 0.10314 0.095959 0.08859 0.080857 0.072586 0.063554 0.052932 0.037972 0.019123 0.0050506 0.0024748
-0.1069 -0.061877 -0.0030812 0.036729 0.091599 0.14044 0.16013 0.17442 0.18525 0.19382 0.19871 0.20076 0.20089 0.19991 0.19744 0.19421 0.19018 0.18562 0.18066 0.17539 0.16988 0.16418 0.15841 0.15256 0.14649 0.14033 0.13405 0.1277 0.12115 0.11444 0.10762 0.10054 0.093166 0.085447 0.077232 0.068291 0.057727 0.042872 0.023809 0.0097784 0.0068211
-0.19468 -0.1314 -0.052681 0.0039513 0.075647 0.12587 0.149 0.16602 0.17897 0.18928 0.19555 0.19873 0.20021 0.19973 0.19792 0.19513 0.19157 0.18742 0.18289 0.17802 0.17274 0.16725 0.1616 0.15581 0.1499 0.14393 0.13778 0.13149 0.12505 0.11851 0.11173 0.1047 0.097392 0.089781 0.081685 0.072708 0.062229 0.047633 0.028242 0.01426 0.010533
-0.30882 -0.22066 -0.11276 -0.034778 0.052229 0.10687 0.13505 0.15531 0.17059 0.18312 0.19091 0.19549 0.19813 0.19854 0.19752 0.19539 0.1925 0.1888 0.18457 0.17991 0.17519 0.16994 0.16458 0.15896 0.1532 0.14732 0.14138 0.13504 0.1287 0.12218 0.11546 0.1085 0.10131 0.093795 0.08571 0.076856 0.066404 0.052167 0.032403 0.018483 0.013514
-0.45227 -0.33115 -0.1819 -0.080418 0.019418 0.085035 0.1181 0.14274 0.16072 0.17523 0.18502 0.19146 0.19493 0.19638 0.19631 0.19491 0.19252 0.18966 0.18586 0.18156 0.17699 0.172 0.16687 0.16145 0.15588 0.15021 0.14432 0.13827 0.13204 0.12562 0.11883 0.11197 0.10489 0.097384 0.089419 0.080623 0.07033 0.056485 0.036191 0.022442 0.01563
-0.62604 -0.46828 -0.26149 -0.1353 -0.0198 0.058906 0.098724 0.12751 0.14884 0.16591 0.17749 0.1857 0.1906 0.19323 0.19409 0.19353 0.19219 0.1897 0.18639 0.18251 0.17819 0.1735 0.16854 0.16345 0.15806 0.1525 0.14676 0.14085 0.13475 0.12849 0.12203 0.11525 0.10818 0.10062 0.092709 0.084029 0.073925 0.060544 0.039728 0.026083 0.016664
-0.81982 -0.62599 -0.35572 -0.19589 -0.069417 0.025856 0.076898 0.11062 0.13517 0.15508 0.16876 0.17878 0.1851 0.189 0.19092 0.19166 0.19073 0.18878 0.18603 0.18262 0.17869 0.17445 0.16977 0.16482 0.15965 0.15429 0.14873 0.14303 0.13714 0.13095 0.12453 0.11785 0.11092 0.10359 0.095771 0.087047 0.077244 0.064295 0.042952 0.029382 0.016171
-1.0135 -0.79561 -0.46195 -0.26026 -0.12558 -0.012579 0.05247 0.092146 0.12002 0.14252 0.15896 0.17065 0.17848 0.18374 0.18676 0.18844 0.18835 0.18712 0.18498 0.18217 0.17868 0.17472 0.17037 0.1657 0.16078 0.15571 0.15032 0.14472 0.1389 0.13285 0.12661 0.12003 0.11317 0.10594 0.098232 0.08985 0.080075 0.067673 0.047781 0.032389 0.018986
-1.1863 -0.9624 -0.5769 -0.32705 -0.17402 -0.056646 0.026376 0.071206 0.10407 0.12938 0.14831 0.16172 0.17097 0.17746 0.18201 0.18434 0.18509 0.18459 0.18309 0.18077 0.17776 0.17422 0.17023 0.16595 0.16129 0.15637 0.1512 0.14579 0.14014 0.1343 0.12813 0.12169 0.11493 0.10782 0.10029 0.092017 0.082652 0.070804 0.052328 0.035103 0.021803
-1.3269 -1.1107 -0.69424 -0.39985 -0.21827 -0.10043 -0.0067584 0.051002 0.087512 0.11538 0.13658 0.15175 0.16272 0.17044 0.17608 0.17933 0.18091 0.18118 0.18036 0.1786 0.1761 0.17302 0.16942 0.16541 0.16106 0.1564 0.15147 0.14634 0.14087 0.13513 0.12912 0.12281 0.11619 0.10926 0.10181 0.093771 0.084611 0.073329 0.056497 0.037469 0.024458
-1.4329 -1.2306 -0.80303 -0.47273 -0.26114 -0.1317 -0.043526 0.03058 0.070159 0.10066 0.12474 0.14163 0.15419 0.16297 0.16938 0.1735 0.17588 0.1769 0.17673 0.17556 0.17359 0.17096 0.16779 0.16413 0.1601 0.15577 0.1511 0.14614 0.14089 0.13535 0.12951 0.12343 0.11701 0.11016 0.10286 0.094951 0.086071 0.075398 0.059892 0.03961 0.026776
-1.5057 -1.3183 -0.89423 -0.5405 -0.30567 -0.15736 -0.062581 0.0014902 0.051764 0.086736 0.11296 0.13091 0.14508 0.15471 0.16228 0.16729 0.1703 0.17193 0.17223 0.17162 0.17017 0.16803 0.16525 0.162 0.15833 0.15429 0.14992 0.14523 0.14023 0.13491 0.12932 0.12336 0.11706 0.11039 0.10327 0.095566 0.087035 0.076858 0.062878 0.041227 0.028855
-1.5507 -1.3751 -0.96169 -0.59662 -0.34578 -0.18456 -0.080548 -0.011422 0.036486 0.070571 0.103 0.12044 0.13564 0.14653 0.15451 0.16054 0.16405 0.16616 0.16709 0.16699 0.16598 0.16423 0.1618 0.15891 0.15561 0.1519 0.14782 0.14342 0.13868 0.13362 0.12822 0.12249 0.1164 0.10993 0.10305 0.095583 0.087314 0.077681 0.065041 0.044394 0.030463
-1.5714 -1.4041 -1.0028 -0.63601 -0.3762 -0.20816 -0.098492 -0.023967 0.027444 0.064007 0.091183 0.11085 0.12654 0.13819 0.14699 0.15326 0.15761 0.16016 0.16155 0.16182 0.16103 0.15955 0.15753 0.155 0.15199 0.14856 0.14475 0.14063 0.13619 0.13139 0.12625 0.12075 0.1149 0.10867 0.10199 0.094794 0.086869 0.077778 0.06632 0.049095 0.031545
-1.5715 -1.4078 -1.0177 -0.6565 -0.396 -0.22519 -0.11224 -0.036058 0.01723 0.055898 0.084877 0.10581 0.12087 0.1322 0.13961 0.1467 0.15104 0.15411 0.15559 0.15611 0.1557 0.1545 0.15268 0.15039 0.14753 0.1443 0.14077 0.13691 0.13272 0.12817 0.12326 0.11801 0.11242 0.10645 0.10004 0.093132 0.085572 0.077022 0.066619 0.051858 0.032049
-1.5527 -1.3886 -1.0079 -0.6581 -0.40329 -0.23446 -0.12179 -0.045161 0.0087636 0.04807 0.077318 0.098852 0.11534 0.1274 0.13591 0.14188 0.1462 0.14833 0.14948 0.15113 0.15013 0.14924 0.14755 0.14534 0.14267 0.13954 0.13617 0.13248 0.12839 0.12396 0.11929 0.11429 0.10891 0.1032 0.097042 0.090423 0.083234 0.075244 0.065778 0.052924 0.031829
-1.5165 -1.3485 -0.97555 -0.64125 -0.39807 -0.23546 -0.12581 -0.050531 0.0031867 0.041927 0.07117 0.093223 0.10947 0.12175 0.13085 0.13718 0.14152 0.14452 0.14587 0.14623 0.14534 0.14365 0.14155 0.13961 0.13771 0.13478 0.13148 0.12756 0.12367 0.11935 0.11477 0.10982 0.10464 0.098948 0.093097 0.086755 0.079878 0.07235 0.063695 0.052747 0.036782
-1.4615 -1.2881 -0.92295 -0.608 -0.38172 -0.22925 -0.1252 -0.052816 -0.00071855 0.037607 0.066053 0.087784 0.10399 0.11623 0.12569 0.13201 0.13655 0.13989 0.14141 0.14183 0.14133 0.14004 0.13825 0.13572 0.13266 0.12893 0.12509 0.12138 0.11769 0.11495 0.11004 0.10522 0.10004 0.094453 0.088586 0.082439 0.075802 0.068612 0.060493 0.050949 0.039028
-1.3857 -1.2076 -0.85322 -0.56242 -0.35598 -0.2158 -0.11849 -0.049758 -0.0015077 0.035261 0.062639 0.083752 0.099179 0.11148 0.12034 0.12693 0.13134 0.13443 0.13623 0.13682 0.13656 0.13535 0.13351 0.13112 0.12843 0.1253 0.12169 0.11776 0.1135 0.10881 0.10387 0.098674 0.093428 0.088105 0.083549 0.077893 0.071486 0.064616 0.056984 0.048256 0.038695
-1.2877 -1.1076 -0.76931 -0.50524 -0.321 -0.19417 -0.10626 -0.044018 0.0016286 0.036024 0.061602 0.081519 0.096387 0.10752 0.11614 0.12241 0.12661 0.12976 0.1312 0.13181 0.13154 0.1303 0.12837 0.12615 0.12354 0.12031 0.11675 0.11296 0.10878 0.10435 0.099799 0.094781 0.089453 0.083831 0.077866 0.071493 0.064986 0.058047 0.050784 0.043258 0.036168
-1.1679 -0.99107 -0.67666 -0.44373 -0.28134 -0.16958 -0.090301 -0.033994 0.0081327 0.038667 0.062692 0.080761 0.094954 0.10486 0.11322 0.11875 0.12263 0.1253 0.12621 0.12644 0.12613 0.12506 0.12312 0.12083 0.11786 0.1146 0.11115 0.10728 0.10334 0.098859 0.094275 0.089324 0.084107 0.07885 0.073316 0.067174 0.060802 0.054091 0.046997 0.039496 0.032146
-1.0297 -0.8636 -0.5822 -0.37926 -0.23934 -0.14142 -0.072585 -0.021885 0.015621 0.043787 0.065427 0.082211 0.094583 0.10381 0.11092 0.11571 0.11955 0.12168 0.12266 0.12261 0.12176 0.12035 0.11847 0.11613 0.11332 0.11 0.10641 0.1025 0.098318 0.093994 0.08931 0.084313 0.079183 0.073716 0.067994 0.062012 0.055766 0.049247 0.04245 0.035452 0.029008
-0.88091 -0.73312 -0.48898 -0.31619 -0.19726 -0.11314 -0.052841 -0.0084677 0.025105 0.049536 0.068852 0.08381 0.095178 0.10359 0.10988 0.11442 0.11732 0.11951 0.12056 0.12037 0.11962 0.11799 0.11581 0.11323 0.11018 0.10658 0.10258 0.098577 0.094182 0.08967 0.084809 0.079632 0.074407 0.068853 0.063065 0.057121 0.050869 0.044337 0.037708 0.030962 0.024978
-0.73167 -0.60703 -0.40205 -0.25796 -0.15775 -0.085524 -0.032988 0.0051662 0.034665 0.056757 0.073393 0.086597 0.096626 0.10393 0.11007 0.11461 0.11676 0.11792 0.11798 0.11737 0.1159 0.11386 0.11126 0.1084 0.10485 0.10141 0.097381 0.093254 0.088827 0.08409 0.079256 0.074086 0.068798 0.063195 0.057415 0.05139 0.045153 0.038791 0.03221 0.025651 0.020005
-0.59163 -0.49183 -0.32358 -0.20459 -0.1206 -0.059873 -0.014936 0.018213 0.043697 0.063339 0.078346 0.089998 0.098415 0.10512 0.10923 0.11234 0.11404 0.11467 0.11441 0.11348 0.11176 0.10946 0.10667 0.10346 0.099881 0.095962 0.09179 0.087374 0.083055 0.078338 0.073554 0.068398 0.06294 0.057396 0.05164 0.045676 0.039442 0.033119 0.026602 0.020222 0.014682
-0.46721 -0.39069 -0.25391 -0.15721 -0.087479 -0.036143 0.0021913 0.031179 0.05306 0.069819 0.082829 0.091466 0.099241 0.10495 0.10869 0.11101 0.11229 0.11247 0.1118 0.11042 0.10854 0.10597 0.10297 0.099569 0.095818 0.091767 0.087454 0.082868 0.078115 0.073162 0.068015 0.062675 0.05725 0.051485 0.045576 0.039486 0.033227 0.02699 0.0207 0.014418 0.0090382
-0.36131 -0.3037 -0.19455 -0.1157 -0.057532 -0.014389 0.017922 0.042762 0.061682 0.075407 0.086125 0.093864 0.10056 0.10512 0.1082 0.1099 0.11064 0.11034 0.10928 0.10755 0.10525 0.10259 0.099365 0.095763 0.091782 0.087571 0.083114 0.078438 0.073563 0.068447 0.06322 0.057797 0.052193 0.046361 0.040408 0.034288 0.028015 0.021568 0.015103 0.0087784 0.0033181
-0.27288 -0.23044 -0.14308 -0.078932 -0.030946 0.0046831 0.032101 0.052894 0.068354 0.080776 0.089929 0.096391 0.1018 0.10541 0.10771 0.10876 0.10883 0.10819 0.10673 0.10467 0.10206 0.099005 0.095653 0.091848 0.087738 0.083364 0.078697 0.073888 0.068891 0.063719 0.058318 0.052808 0.04713 0.041232 0.035181 0.028923 0.022628 0.016219 0.0097619 0.00346 -0.0019496
-0.20038 -0.1694 -0.099432 -0.047567 -0.0082366 0.021913 0.044618 0.062098 0.075273 0.08567 0.093224 0.098774 0.10271 0.10551 0.10708 0.10751 0.10702 0.10592 0.10407 0.10172 0.098839 0.095531 0.091851 0.087879 0.083591 0.079056 0.074248 0.069242 0.064127 0.058847 0.053348 0.047639 0.041892 0.035989 0.029935 0.023736 0.017407 0.010974 0.0045036 -0.0018022 -0.0072328
-0.14147 -0.11868 -0.06322 -0.020559 0.011925 0.036486 0.05543 0.069965 0.081085 0.089765 0.096056 0.10055 0.10358 0.10537 0.10618 0.10611 0.1052 0.10358 0.10146 0.098743 0.09558 0.091913 0.088013 0.083812 0.079435 0.07468 0.069786 0.064713 0.059356 0.05391 0.048377 0.042697 0.03687 0.030896 0.024779 0.018528 0.012154 0.0056846 -0.00081424 -0.0071444 -0.012617
-0.093804 -0.076935 -0.03259 0.0025956 0.028955 0.049484 0.06522 0.077199 0.086089 0.093218 0.098423 0.10196 0.10399 0.10508 0.10523 0.10461 0.1032 0.10117 0.0987 0.095675 0.092242 0.088393 0.084282 0.079892 0.075203 0.070435 0.065338 0.060016 0.054664 0.049169 0.043535 0.037761 0.03185 0.0258 0.019616 0.013304 0.0068776 0.00036224 -0.0061778 -0.012549 -0.018079
-0.053009 -0.042595 -0.0067386 0.021868 0.044274 0.060795 0.073591 0.083308 0.090279 0.09599 0.1001 0.10276 0.10415 0.10457 0.10407 0.10299 0.10116 0.098703 0.095812 0.092585 0.088905 0.084842 0.080502 0.075927 0.071125 0.066123 0.060847 0.055539 0.050065 0.044457 0.038719 0.032851 0.026852 0.020723 0.014467 0.0080906 0.0016048 -0.0049651 -0.011557 -0.017983 -0.023583
