72	41
0.046857 0.049194 0.049779 0.049975 0.050178 0.050413 0.050703 0.051 0.051362 0.051637 0.05174 0.051853 0.052005 0.052133 0.0523 0.052437 0.052611 0.052793 0.052976 0.053195 0.053404 0.053615 0.053844 0.054045 0.054242 0.05443 0.054652 0.054843 0.054938 0.055072 0.055199 0.055325 0.05546 0.055611 0.055784 0.055982 0.056202 0.056429 0.056612 0.056573 0.055655
0.046908 0.049392 0.049809 0.050057 0.050206 0.050405 0.050544 0.050946 0.051201 0.051524 0.051808 0.051912 0.052056 0.052198 0.052355 0.052482 0.05265 0.052822 0.052996 0.053161 0.053312 0.05352 0.05378 0.054049 0.054259 0.054455 0.054638 0.054812 0.054976 0.055121 0.055197 0.055331 0.055474 0.055634 0.055817 0.056025 0.056257 0.056499 0.056702 0.056692 0.055807
0.046965 0.04948 0.049831 0.049989 0.05013 0.050321 0.050566 0.05077 0.050989 0.051226 0.051542 0.051955 0.052089 0.05223 0.052379 0.052536 0.052662 0.052833 0.05301 0.053194 0.053339 0.053527 0.053714 0.053889 0.054082 0.054265 0.054492 0.054746 0.054906 0.055055 0.055198 0.055342 0.055497 0.055601 0.055795 0.056017 0.056266 0.056529 0.05676 0.056791 0.055953
0.047029 0.049039 0.049912 0.050011 0.050197 0.050328 0.050529 0.050664 0.050884 0.051029 0.051236 0.051357 0.051766 0.051987 0.052395 0.052543 0.05266 0.052823 0.052995 0.053174 0.053372 0.053515 0.053704 0.053894 0.054081 0.05426 0.054445 0.054605 0.054752 0.054886 0.055099 0.055248 0.05541 0.055592 0.0558 0.056039 0.056309 0.056599 0.056866 0.056946 0.056158
0.046686 0.048069 0.049992 0.050069 0.050173 0.050192 0.050389 0.050525 0.050743 0.050888 0.051095 0.051213 0.051367 0.051584 0.05185 0.052132 0.052369 0.052807 0.052969 0.053139 0.053317 0.053477 0.053661 0.053847 0.05403 0.054208 0.054376 0.054529 0.054677 0.054818 0.054956 0.055109 0.055272 0.055458 0.055674 0.055926 0.056214 0.056532 0.05684 0.056956 0.056189
0.046572 0.048225 0.049571 0.049924 0.049942 0.05012 0.050265 0.050417 0.050641 0.050798 0.050808 0.051012 0.051168 0.051386 0.051544 0.05171 0.051943 0.052114 0.052404 0.052585 0.052891 0.053079 0.053344 0.053642 0.053939 0.054109 0.054271 0.054421 0.054561 0.054694 0.054827 0.054968 0.055127 0.055312 0.055533 0.055794 0.056075 0.056369 0.056691 0.056899 0.056241
0.04634 0.04821 0.049042 0.049302 0.049602 0.049772 0.049953 0.050073 0.050251 0.050428 0.050572 0.050786 0.050956 0.05098 0.051235 0.051406 0.05154 0.051817 0.051997 0.052184 0.052486 0.052679 0.052827 0.052921 0.053221 0.053399 0.053566 0.053837 0.053977 0.054111 0.054361 0.054502 0.054663 0.054919 0.055118 0.055367 0.055661 0.05605 0.056447 0.056884 0.056365
0.046378 0.04811 0.048867 0.049362 0.049783 0.049999 0.049301 0.049402 0.049658 0.049891 0.050138 0.050182 0.050374 0.050526 0.050794 0.05098 0.051128 0.051203 0.051487 0.051678 0.051875 0.052076 0.052335 0.052529 0.05272 0.052904 0.053188 0.053342 0.053485 0.053622 0.053716 0.053956 0.054094 0.054294 0.054488 0.054899 0.055248 0.055633 0.056098 0.056484 0.056237
0.046392 0.047727 0.048663 0.049123 0.049473 0.049829 0.050084 0.050329 0.050379 0.05043 0.050184 0.050126 0.050162 0.050182 0.050365 0.050474 0.050563 0.050714 0.050965 0.051142 0.051326 0.05152 0.051729 0.051992 0.052194 0.052388 0.052568 0.052691 0.052936 0.052987 0.053042 0.053123 0.053272 0.053555 0.053804 0.054111 0.054409 0.054926 0.055453 0.056049 0.055849
0.046392 0.047497 0.048258 0.048681 0.049043 0.049358 0.049665 0.049919 0.050148 0.050365 0.050432 0.050497 0.050667 0.050825 0.050919 0.051166 0.05119 0.051344 0.051581 0.05167 0.051833 0.052 0.052096 0.05227 0.052379 0.052529 0.052654 0.05273 0.05282 0.052928 0.052992 0.053098 0.053232 0.053364 0.053553 0.053899 0.054318 0.054769 0.055287 0.055882 0.05586
0.046619 0.047299 0.047912 0.048162 0.048319 0.048601 0.048821 0.048983 0.049182 0.049307 0.049479 0.049623 0.049738 0.049869 0.05004 0.050246 0.050368 0.050537 0.05071 0.050841 0.050973 0.051204 0.051355 0.051404 0.05156 0.051677 0.051802 0.051911 0.051936 0.052077 0.05216 0.052257 0.052381 0.052472 0.052683 0.052961 0.053326 0.053802 0.054419 0.055101 0.055373
0.046921 0.04724 0.047635 0.047843 0.048032 0.048208 0.048386 0.048604 0.048718 0.048888 0.04902 0.049125 0.049283 0.049399 0.049514 0.049672 0.049853 0.049965 0.050063 0.050202 0.050343 0.050509 0.050725 0.050753 0.050898 0.051028 0.05112 0.051206 0.051252 0.051328 0.05146 0.05153 0.051655 0.051815 0.05201 0.052324 0.052708 0.053176 0.053886 0.054774 0.055414
0.047108 0.047409 0.047819 0.048028 0.048333 0.048542 0.048749 0.049009 0.049218 0.049426 0.049584 0.049732 0.049915 0.050121 0.050237 0.050414 0.050505 0.05066 0.050747 0.050865 0.050969 0.051248 0.051376 0.05144 0.051434 0.051491 0.051523 0.051529 0.051529 0.051461 0.051373 0.051446 0.051428 0.051298 0.051365 0.051494 0.051684 0.052032 0.052542 0.053258 0.054195
0.047285 0.047838 0.048225 0.048507 0.048652 0.048964 0.049144 0.0493 0.049448 0.049634 0.049811 0.049891 0.049931 0.050017 0.050042 0.050077 0.050104 0.050179 0.050343 0.050381 0.050442 0.050496 0.050508 0.050409 0.05036 0.050346 0.050255 0.050144 0.050039 0.049797 0.049668 0.049541 0.049427 0.049339 0.049175 0.049111 0.049218 0.049476 0.049875 0.050831 0.052284
0.047678 0.048271 0.048674 0.048979 0.049145 0.049267 0.049374 0.049472 0.049666 0.049732 0.049635 0.049613 0.049609 0.049546 0.049547 0.049392 0.0493 0.049287 0.049274 0.049122 0.049226 0.049208 0.049137 0.048873 0.048756 0.048642 0.048424 0.048288 0.048125 0.047941 0.047743 0.04751 0.047316 0.047098 0.046955 0.046875 0.046903 0.047129 0.047715 0.048886 0.050245
0.048373 0.048902 0.049264 0.049403 0.049401 0.049374 0.049362 0.049405 0.049191 0.049087 0.048984 0.048697 0.048567 0.048259 0.048142 0.048061 0.04793 0.047829 0.047726 0.047674 0.047631 0.047595 0.047526 0.047486 0.047361 0.047276 0.047161 0.04699 0.04681 0.046624 0.046446 0.046109 0.045395 0.04472 0.044428 0.044089 0.043965 0.043996 0.044515 0.045935 0.049355
0.048923 0.049359 0.049285 0.049117 0.049008 0.048772 0.048478 0.048277 0.048036 0.047839 0.047634 0.047429 0.047199 0.047038 0.046876 0.046747 0.046619 0.046576 0.046558 0.04658 0.046567 0.046601 0.046672 0.046705 0.046501 0.046086 0.045727 0.045479 0.045105 0.044724 0.044269 0.043829 0.043311 0.042795 0.042282 0.041771 0.041504 0.041563 0.042315 0.044373 0.050089
0.049313 0.049263 0.048761 0.048463 0.048169 0.047742 0.047398 0.047129 0.046857 0.046638 0.046316 0.046121 0.045964 0.04586 0.045839 0.045805 0.045886 0.046101 0.046217 0.045703 0.045596 0.045621 0.045578 0.045527 0.045403 0.045232 0.044892 0.044491 0.043978 0.043362 0.042575 0.041813 0.041028 0.04028 0.039649 0.03925 0.039197 0.039834 0.041373 0.044014 0.050441
0.049449 0.048824 0.048099 0.047519 0.046961 0.046546 0.046141 0.045879 0.045637 0.045524 0.045396 0.045386 0.045514 0.045762 0.045074 0.044893 0.045037 0.045168 0.045325 0.045449 0.045526 0.045549 0.045469 0.045155 0.044829 0.044283 0.043682 0.042945 0.042091 0.041154 0.040187 0.039167 0.03839 0.037873 0.037808 0.038012 0.037719 0.036069 0.036176 0.039488 0.051848
0.049239 0.048238 0.047053 0.046343 0.045776 0.045425 0.045205 0.045131 0.045221 0.04552 0.044476 0.044426 0.044518 0.044773 0.044994 0.045195 0.045414 0.04557 0.045653 0.045639 0.045381 0.045138 0.044687 0.044163 0.043489 0.04257 0.041625 0.040591 0.039535 0.038555 0.037774 0.037276 0.037088 0.036281 0.033462 0.031991 0.031971 0.032917 0.036028 0.041769 0.057402
0.048931 0.04734 0.045908 0.045281 0.045031 0.044987 0.045259 0.043981 0.044002 0.04426 0.044459 0.044826 0.045127 0.04543 0.045602 0.045679 0.045692 0.045648 0.045485 0.045188 0.044654 0.044069 0.04325 0.042358 0.041343 0.040144 0.039077 0.038143 0.037544 0.037213 0.036168 0.033115 0.030987 0.030045 0.030117 0.031292 0.032791 0.034953 0.038246 0.045037 0.059435
0.048474 0.046383 0.045092 0.044894 0.045075 0.043523 0.043657 0.044049 0.044495 0.044956 0.045267 0.045476 0.04578 0.045919 0.045931 0.045795 0.045551 0.04522 0.044729 0.044074 0.043148 0.042105 0.041028 0.03991 0.03874 0.037971 0.037545 0.036865 0.033919 0.031189 0.029639 0.029154 0.029942 0.030891 0.031937 0.033056 0.03446 0.036488 0.040004 0.048171 0.061109
0.047852 0.045596 0.045 0.043555 0.043212 0.043679 0.044269 0.04475 0.045251 0.045683 0.045872 0.045966 0.046089 0.046076 0.045832 0.045386 0.044871 0.04417 0.043195 0.042152 0.040888 0.039644 0.038665 0.037833 0.037487 0.03587 0.031867 0.029972 0.029216 0.029535 0.030348 0.031053 0.031689 0.032342 0.033095 0.034033 0.035375 0.037462 0.041323 0.05107 0.062072
0.047194 0.045072 0.043511 0.042997 0.043717 0.044417 0.045001 0.045458 0.045817 0.046154 0.046254 0.046144 0.046028 0.045726 0.045142 0.044313 0.043334 0.042234 0.040959 0.039613 0.038469 0.037703 0.037046 0.034184 0.031303 0.029746 0.029677 0.030275 0.030862 0.031386 0.031774 0.032208 0.032631 0.033127 0.033778 0.034621 0.035949 0.038151 0.04246 0.054155 0.062638
0.04658 0.045162 0.042661 0.043725 0.044514 0.045044 0.045592 0.046042 0.046291 0.046401 0.046286 0.04583 0.0454 0.044658 0.043793 0.042559 0.041175 0.039731 0.038571 0.037556 0.037023 0.033701 0.031052 0.029839 0.030171 0.030849 0.031358 0.031757 0.03204 0.032325 0.032566 0.032825 0.033159 0.033588 0.034186 0.035067 0.036327 0.038703 0.043565 0.056216 0.063301
0.04612 0.043925 0.043433 0.044344 0.045054 0.045584 0.046059 0.046319 0.046377 0.04635 0.045957 0.045153 0.044359 0.043215 0.041806 0.040291 0.038741 0.037823 0.037207 0.033754 0.031156 0.030202 0.030656 0.03126 0.031715 0.032109 0.032336 0.032554 0.032713 0.032846 0.03301 0.033214 0.033446 0.033842 0.034434 0.035343 0.036808 0.039344 0.044861 0.056831 0.063872
0.045761 0.042951 0.044106 0.044936 0.045543 0.045918 0.046266 0.046417 0.046248 0.045933 0.045032 0.044041 0.04265 0.041121 0.039524 0.038269 0.037689 0.034471 0.031675 0.030707 0.031078 0.031572 0.031959 0.032352 0.032608 0.032796 0.032951 0.033048 0.033121 0.033198 0.033308 0.03348 0.033749 0.034162 0.034793 0.035774 0.037377 0.040113 0.046533 0.057987 0.065387
0.045585 0.043165 0.04457 0.045319 0.045912 0.046227 0.046413 0.046082 0.045768 0.045154 0.043809 0.042421 0.040721 0.039174 0.038104 0.036522 0.03311 0.031561 0.031488 0.031783 0.032187 0.032504 0.032829 0.033041 0.033215 0.033302 0.033377 0.033423 0.033465 0.033528 0.033637 0.03382 0.034114 0.034471 0.035168 0.036258 0.038058 0.041316 0.048977 0.060019 0.06776
0.045655 0.043753 0.045061 0.045638 0.04605 0.046206 0.046205 0.045822 0.045188 0.044024 0.04245 0.040844 0.039147 0.038176 0.035119 0.032853 0.032008 0.032117 0.03236 0.032632 0.032873 0.03314 0.033347 0.033521 0.033648 0.033726 0.033769 0.033796 0.033778 0.033843 0.03388 0.034081 0.034402 0.034896 0.035653 0.036842 0.038827 0.042406 0.051438 0.061662 0.069818
0.045252 0.04415 0.045307 0.045867 0.046222 0.046149 0.04588 0.045291 0.04417 0.042769 0.041046 0.039279 0.038102 0.034636 0.03332 0.03268 0.032644 0.032765 0.032956 0.033139 0.033374 0.033571 0.033739 0.033882 0.033976 0.034033 0.034005 0.034024 0.034056 0.034123 0.034201 0.034418 0.03476 0.035183 0.035993 0.037271 0.039427 0.043509 0.053812 0.062882 0.071215
0.04435 0.044468 0.045507 0.045936 0.046094 0.045961 0.045457 0.044584 0.043417 0.041682 0.039864 0.037962 0.035179 0.033984 0.033328 0.033089 0.033076 0.033222 0.03337 0.03357 0.033723 0.033893 0.034036 0.034144 0.034219 0.034264 0.03429 0.034312 0.034349 0.034424 0.034465 0.034648 0.035012 0.035566 0.036417 0.03777 0.039996 0.044491 0.056181 0.064046 0.072435
0.044223 0.044727 0.045657 0.045979 0.045947 0.045713 0.04501 0.044077 0.042699 0.040837 0.038312 0.036003 0.034635 0.03383 0.033477 0.033342 0.033416 0.033521 0.033682 0.033875 0.034056 0.034219 0.034357 0.034463 0.034488 0.034536 0.03448 0.034507 0.034551 0.034633 0.034779 0.035016 0.035342 0.035826 0.036719 0.038146 0.040614 0.045505 0.058082 0.064926 0.072096
0.044463 0.04492 0.045673 0.045843 0.045838 0.04543 0.044829 0.043721 0.042151 0.039025 0.03701 0.035366 0.034497 0.033876 0.033673 0.033603 0.033654 0.033776 0.03394 0.034128 0.03431 0.034476 0.034617 0.034663 0.034736 0.034781 0.034765 0.034793 0.034839 0.034923 0.034983 0.035231 0.035616 0.036162 0.037082 0.038492 0.041102 0.046386 0.058818 0.065643 0.069713
0.044608 0.045073 0.045601 0.045816 0.045767 0.045441 0.044827 0.043668 0.040222 0.038129 0.036295 0.035172 0.034469 0.033993 0.033845 0.033825 0.033907 0.034042 0.034206 0.034334 0.034513 0.034679 0.034821 0.03493 0.035006 0.035052 0.035079 0.035019 0.035026 0.035115 0.035268 0.035516 0.035906 0.036434 0.037337 0.038881 0.041614 0.047206 0.05935 0.066167 0.067966
0.044726 0.045138 0.045674 0.045859 0.045827 0.045735 0.045372 0.042663 0.039241 0.037455 0.035984 0.035056 0.034394 0.034104 0.033987 0.033997 0.034101 0.03425 0.034426 0.034614 0.0348 0.034844 0.03494 0.034975 0.035049 0.035093 0.035118 0.035142 0.035183 0.035226 0.035303 0.035559 0.036098 0.036713 0.037633 0.039161 0.04201 0.047953 0.059721 0.066677 0.066613
0.044793 0.045128 0.045627 0.04587 0.046174 0.04661 0.044699 0.040092 0.038784 0.037116 0.035867 0.035081 0.034496 0.034255 0.034179 0.034208 0.034328 0.034443 0.034633 0.034657 0.034844 0.035013 0.035154 0.035259 0.035328 0.03533 0.035352 0.035295 0.035338 0.035423 0.035574 0.035789 0.03619 0.036755 0.037747 0.039467 0.042358 0.048614 0.060115 0.067079 0.065583
0.044846 0.045086 0.045613 0.046173 0.04699 0.046807 0.042672 0.039677 0.038447 0.036911 0.035794 0.035015 0.0346 0.034405 0.034342 0.034389 0.034506 0.03454 0.034724 0.034918 0.035061 0.035234 0.035376 0.03548 0.035473 0.03551 0.035528 0.035512 0.035551 0.035632 0.035715 0.03597 0.036336 0.036969 0.037916 0.03954 0.042646 0.049211 0.060411 0.067362 0.0648
0.044855 0.045234 0.045832 0.046675 0.048013 0.046148 0.040787 0.039525 0.038297 0.036908 0.035866 0.035154 0.034768 0.034581 0.034549 0.034611 0.034561 0.034728 0.034919 0.035118 0.035249 0.035417 0.035553 0.035617 0.035681 0.035713 0.035727 0.035739 0.035708 0.035756 0.035905 0.036157 0.036559 0.0371 0.038115 0.039758 0.04275 0.049568 0.060642 0.06757 0.064268
0.044905 0.045167 0.046038 0.047467 0.048054 0.044138 0.040354 0.03941 0.038222 0.03682 0.035982 0.035299 0.034951 0.034769 0.034727 0.034651 0.034767 0.034926 0.03511 0.035257 0.035445 0.035611 0.035745 0.035839 0.035895 0.035824 0.035837 0.03585 0.035881 0.035956 0.036066 0.03626 0.036663 0.037298 0.038221 0.039922 0.042952 0.049878 0.060649 0.067535 0.063901
0.044964 0.045233 0.046406 0.048603 0.047752 0.042525 0.040364 0.039444 0.038324 0.036992 0.036198 0.03552 0.035177 0.03501 0.034841 0.03484 0.034952 0.035109 0.035291 0.035479 0.03566 0.035758 0.03585 0.035942 0.035997 0.03602 0.036025 0.036002 0.036029 0.036045 0.036188 0.036433 0.036797 0.037377 0.03839 0.040049 0.043083 0.050035 0.060695 0.06752 0.063652
0.044977 0.045335 0.046813 0.048867 0.047158 0.041725 0.040458 0.039507 0.038447 0.037194 0.036326 0.035791 0.035424 0.035113 0.035053 0.035086 0.035157 0.035296 0.035413 0.035593 0.035767 0.035919 0.036041 0.036124 0.03614 0.03616 0.036103 0.036108 0.036133 0.036172 0.03631 0.03655 0.036891 0.037483 0.038488 0.040125 0.043144 0.050032 0.060674 0.067428 0.063705
0.04499 0.045459 0.047177 0.048754 0.045822 0.041439 0.040556 0.039691 0.038712 0.037521 0.036664 0.03611 0.035747 0.035412 0.035321 0.035279 0.035354 0.035477 0.03563 0.035795 0.035954 0.036095 0.036171 0.036193 0.036238 0.036253 0.036251 0.036223 0.036244 0.036307 0.036386 0.036592 0.036979 0.037595 0.038583 0.040162 0.043124 0.049851 0.060555 0.067216 0.063948
0.045147 0.045515 0.047492 0.048669 0.044834 0.041429 0.040706 0.039932 0.039023 0.037881 0.037042 0.03649 0.035984 0.035716 0.035591 0.035564 0.035609 0.035706 0.035797 0.035893 0.036039 0.03617 0.036274 0.036344 0.03638 0.036358 0.036352 0.036346 0.03636 0.036366 0.036469 0.036698 0.037074 0.037646 0.03857 0.040194 0.043081 0.049527 0.060389 0.066956 0.06448
0.045351 0.045613 0.047683 0.048462 0.044392 0.041631 0.040937 0.04026 0.039459 0.038319 0.037522 0.036938 0.036394 0.036103 0.035932 0.035858 0.035817 0.035878 0.035977 0.036097 0.036096 0.036208 0.036255 0.036318 0.036347 0.03635 0.036284 0.036373 0.036385 0.036439 0.036559 0.036779 0.037118 0.03766 0.038606 0.040153 0.043016 0.04911 0.060165 0.066633 0.065347
0.045495 0.045563 0.047461 0.048177 0.04458 0.041741 0.041246 0.040569 0.039871 0.038849 0.038029 0.037338 0.036878 0.036545 0.036305 0.036182 0.036138 0.036034 0.036093 0.036179 0.036228 0.036322 0.03635 0.036398 0.036415 0.036372 0.036355 0.036339 0.036342 0.036388 0.036603 0.036814 0.037121 0.037692 0.038581 0.040105 0.042843 0.04857 0.059948 0.066228 0.06663
0.045724 0.04569 0.046909 0.048021 0.044885 0.041961 0.041531 0.041006 0.040368 0.039401 0.038657 0.037937 0.037435 0.037053 0.036774 0.03659 0.036367 0.036287 0.036297 0.03634 0.0364 0.036462 0.036511 0.036493 0.036499 0.036482 0.036451 0.036423 0.036415 0.03642 0.036476 0.036678 0.03702 0.037673 0.038555 0.040014 0.04261 0.047924 0.059616 0.065772 0.068484
0.046034 0.04571 0.046424 0.047613 0.045743 0.042618 0.041818 0.041404 0.04092 0.040005 0.039311 0.038588 0.038082 0.037654 0.037322 0.036952 0.036785 0.036685 0.036639 0.036633 0.036649 0.036629 0.03665 0.036654 0.036637 0.0366 0.036552 0.03647 0.036404 0.036428 0.036518 0.036703 0.036998 0.037527 0.038373 0.039887 0.042258 0.047199 0.059206 0.065268 0.071257
0.046393 0.045698 0.045913 0.046889 0.046731 0.043508 0.042174 0.041802 0.0415 0.040734 0.039987 0.039325 0.038815 0.038345 0.03797 0.037551 0.037317 0.037149 0.037036 0.036939 0.036899 0.036874 0.03685 0.036817 0.036767 0.036658 0.03659 0.036527 0.036488 0.036492 0.036524 0.036693 0.036995 0.037494 0.038296 0.039582 0.041941 0.046431 0.057157 0.064663 0.07079
0.046718 0.04573 0.045497 0.045933 0.046508 0.044734 0.042544 0.042398 0.04205 0.041403 0.04068 0.04008 0.039606 0.039142 0.038619 0.038251 0.037963 0.037734 0.037558 0.037425 0.037324 0.037242 0.037167 0.037053 0.036965 0.036866 0.036763 0.036668 0.036599 0.036533 0.036579 0.03672 0.036993 0.037456 0.038175 0.039404 0.041468 0.045513 0.055017 0.063949 0.069964
0.04694 0.045775 0.045349 0.045392 0.045765 0.045759 0.043717 0.042795 0.042616 0.042136 0.041492 0.040956 0.040454 0.040001 0.039466 0.039079 0.03875 0.03846 0.038212 0.03802 0.037858 0.037708 0.037574 0.03744 0.0373 0.037153 0.037006 0.03683 0.036724 0.036664 0.036674 0.036778 0.037013 0.037393 0.038089 0.039182 0.04111 0.044714 0.052854 0.063167 0.068918
0.04717 0.045986 0.04538 0.045138 0.045076 0.045464 0.045351 0.043254 0.043314 0.042977 0.042284 0.041803 0.041295 0.040889 0.040426 0.040032 0.039679 0.039338 0.03904 0.038789 0.038561 0.038351 0.038149 0.03796 0.037761 0.037542 0.037339 0.037149 0.036989 0.036879 0.036839 0.036854 0.037003 0.037369 0.037995 0.039029 0.04077 0.043913 0.050967 0.062213 0.067796
0.047577 0.046288 0.0456 0.045224 0.045019 0.044898 0.044986 0.045063 0.044276 0.04374 0.043097 0.042784 0.042254 0.041936 0.041431 0.041018 0.040681 0.040335 0.04005 0.039752 0.039469 0.039191 0.038937 0.038677 0.038411 0.038139 0.037866 0.037608 0.037379 0.0372 0.037072 0.037063 0.037183 0.037478 0.038019 0.038936 0.040444 0.04322 0.049057 0.061327 0.066515
0.047989 0.046711 0.045982 0.04556 0.045308 0.045031 0.044888 0.044897 0.044953 0.045044 0.043666 0.043779 0.043323 0.042968 0.0426 0.042121 0.041832 0.041517 0.041186 0.040856 0.040546 0.04024 0.039961 0.03965 0.039313 0.038977 0.038643 0.038315 0.038013 0.037758 0.037573 0.037485 0.037523 0.037729 0.038144 0.038929 0.040273 0.042653 0.047441 0.058844 0.065264
0.048482 0.047196 0.046466 0.046035 0.045706 0.045487 0.045307 0.045081 0.044969 0.044914 0.044769 0.044716 0.044405 0.044098 0.043726 0.043378 0.043017 0.042724 0.04239 0.042069 0.041812 0.041528 0.041195 0.04084 0.040472 0.040095 0.039721 0.039325 0.038936 0.038603 0.038338 0.038161 0.038104 0.038206 0.038527 0.039161 0.040287 0.042283 0.046159 0.054789 0.06409
0.048914 0.047776 0.047057 0.046628 0.046313 0.046096 0.045844 0.045682 0.045544 0.045353 0.045047 0.044877 0.044832 0.044741 0.044886 0.044462 0.044252 0.043936 0.043705 0.043429 0.04315 0.042868 0.042564 0.042208 0.041872 0.041501 0.041073 0.040627 0.040192 0.039792 0.03946 0.0392 0.039035 0.039021 0.039215 0.039688 0.040587 0.042208 0.045285 0.05194 0.063036
0.049257 0.048374 0.047719 0.047347 0.047006 0.046802 0.046569 0.046413 0.046277 0.046088 0.045845 0.045666 0.045404 0.045219 0.045144 0.045109 0.044988 0.045074 0.045069 0.044478 0.044527 0.04422 0.043959 0.04366 0.043332 0.042999 0.04258 0.042133 0.041721 0.041331 0.040931 0.04059 0.040365 0.040241 0.040321 0.040645 0.041323 0.042564 0.044946 0.050094 0.062227
0.049334 0.04887 0.048358 0.048039 0.047723 0.047542 0.047332 0.047193 0.047017 0.046903 0.046678 0.046424 0.04626 0.046073 0.045898 0.045811 0.045739 0.045588 0.045554 0.045487 0.04556 0.045661 0.045668 0.045338 0.044729 0.044373 0.043988 0.043734 0.043281 0.042907 0.042526 0.042224 0.041932 0.041865 0.0418 0.041989 0.042495 0.043439 0.045236 0.048892 0.056803
0.049205 0.049163 0.048858 0.048622 0.048443 0.048351 0.048208 0.0481 0.047954 0.047781 0.04763 0.047408 0.047246 0.04708 0.046826 0.046767 0.046664 0.046431 0.046368 0.046314 0.04627 0.046228 0.046123 0.046088 0.046074 0.046183 0.046161 0.045884 0.045404 0.044176 0.044043 0.043716 0.043486 0.043407 0.043412 0.04352 0.043905 0.044647 0.046074 0.048649 0.053248
0.048946 0.049259 0.04923 0.04919 0.049111 0.049076 0.048913 0.048744 0.048825 0.048673 0.04856 0.048354 0.048302 0.048076 0.047963 0.047822 0.047767 0.047629 0.04749 0.047399 0.047281 0.047232 0.047175 0.047106 0.046943 0.046769 0.046637 0.046494 0.04636 0.046316 0.046276 0.046265 0.046161 0.045986 0.04515 0.044958 0.04522 0.045762 0.046849 0.048803 0.051472
0.048631 0.049217 0.049312 0.049364 0.049439 0.049388 0.049377 0.049423 0.049418 0.049319 0.049293 0.049148 0.049082 0.049053 0.048934 0.048835 0.048814 0.048636 0.048616 0.048511 0.048405 0.04838 0.048379 0.048253 0.048067 0.047964 0.047833 0.047638 0.047479 0.047305 0.047047 0.046937 0.0469 0.046945 0.047126 0.047511 0.04792 0.048594 0.049473 0.050528 0.051191
0.048262 0.04917 0.049311 0.049591 0.049651 0.049723 0.049679 0.049768 0.049723 0.049878 0.049819 0.04982 0.049708 0.049843 0.049672 0.049702 0.04971 0.04964 0.049783 0.049813 0.049713 0.049614 0.049621 0.04953 0.049537 0.049471 0.049304 0.049175 0.048907 0.048786 0.048576 0.048453 0.048373 0.048195 0.048093 0.048328 0.048652 0.049164 0.049921 0.050969 0.05186
0.047952 0.049085 0.049454 0.049602 0.049747 0.049785 0.049948 0.049994 0.050063 0.050145 0.050171 0.050132 0.050212 0.050323 0.050342 0.050472 0.050382 0.050415 0.050452 0.050527 0.050603 0.050618 0.050569 0.050478 0.050382 0.050332 0.050226 0.050113 0.049978 0.049763 0.049616 0.049529 0.049398 0.049374 0.049422 0.04956 0.049807 0.050189 0.050726 0.051372 0.051496
0.047706 0.049063 0.049465 0.049573 0.04976 0.049856 0.049987 0.050107 0.050148 0.050409 0.050492 0.050525 0.050567 0.050655 0.050708 0.050739 0.050817 0.050688 0.050578 0.050595 0.05052 0.050531 0.050534 0.050484 0.050443 0.050481 0.050553 0.050452 0.050411 0.050283 0.050226 0.050242 0.050164 0.050195 0.050288 0.050398 0.050652 0.05105 0.051456 0.051897 0.05162
0.047509 0.049027 0.049515 0.049667 0.049855 0.0499 0.049963 0.050192 0.050257 0.050406 0.050614 0.050681 0.050748 0.050879 0.050729 0.050526 0.050666 0.05075 0.050892 0.050964 0.051108 0.051237 0.051375 0.051412 0.051595 0.051518 0.051582 0.051527 0.051486 0.051485 0.051402 0.051406 0.051367 0.051433 0.051522 0.051698 0.051951 0.052222 0.052598 0.052889 0.052314
0.047351 0.049055 0.049575 0.049729 0.049879 0.05001 0.050109 0.050318 0.050447 0.050536 0.050637 0.050682 0.050848 0.05085 0.051097 0.051182 0.051319 0.051464 0.051613 0.051716 0.051881 0.052047 0.052212 0.052371 0.052519 0.052665 0.052779 0.052872 0.052744 0.052711 0.052578 0.052559 0.052628 0.052645 0.052711 0.052836 0.053084 0.053323 0.053647 0.053783 0.0531
0.047223 0.049126 0.049563 0.04983 0.049999 0.050111 0.050212 0.050314 0.050472 0.05063 0.050735 0.051205 0.051222 0.051244 0.051365 0.051503 0.051602 0.051755 0.051917 0.052086 0.0522 0.052392 0.052567 0.052735 0.052897 0.053045 0.053175 0.053311 0.053402 0.05348 0.053555 0.053638 0.053663 0.053825 0.053997 0.054215 0.054483 0.054651 0.054782 0.054827 0.053983
0.047163 0.049146 0.049676 0.04995 0.050061 0.050167 0.05031 0.050399 0.050518 0.050844 0.051083 0.051416 0.051404 0.051496 0.051578 0.051715 0.051819 0.051987 0.052157 0.052334 0.052516 0.052635 0.052817 0.052996 0.053198 0.053357 0.053499 0.053623 0.053728 0.053856 0.053932 0.054025 0.054134 0.054309 0.054479 0.054689 0.054938 0.055254 0.055513 0.055575 0.054772
0.047092 0.049156 0.049672 0.049953 0.050089 0.050291 0.050408 0.050573 0.050863 0.050981 0.051185 0.051499 0.051542 0.051645 0.051741 0.051891 0.052054 0.05218 0.052358 0.052543 0.052741 0.052934 0.053072 0.053261 0.053442 0.053611 0.053802 0.053937 0.054054 0.054157 0.054296 0.054397 0.054513 0.054693 0.054898 0.055183 0.055417 0.05567 0.055891 0.055899 0.055005
0.047052 0.049158 0.049658 0.050004 0.050209 0.050328 0.050524 0.050704 0.050947 0.05108 0.051299 0.051507 0.051692 0.051783 0.051886 0.052043 0.05223 0.05237 0.052559 0.052729 0.052926 0.053125 0.053325 0.053502 0.05369 0.053867 0.054064 0.054249 0.054374 0.054486 0.054634 0.054825 0.054942 0.055078 0.055241 0.055435 0.055656 0.05589 0.056083 0.056054 0.055126
0.04706 0.04913 0.049736 0.050017 0.050221 0.050465 0.050677 0.050891 0.0511 0.051224 0.051401 0.051577 0.051748 0.051915 0.052057 0.052187 0.05235 0.052536 0.052683 0.052879 0.053079 0.053343 0.053549 0.053751 0.053893 0.054114 0.054281 0.054429 0.054645 0.054805 0.054913 0.055022 0.055141 0.055278 0.055439 0.055628 0.055841 0.056063 0.05624 0.056189 0.055244
0.047125 0.049126 0.049768 0.049991 0.050292 0.050502 0.050719 0.050955 0.051247 0.051368 0.051486 0.051632 0.051844 0.051999 0.052154 0.052293 0.052475 0.052666 0.05282 0.05302 0.053224 0.053461 0.053668 0.053872 0.054103 0.054237 0.054448 0.054684 0.05482 0.054941 0.055055 0.055168 0.05529 0.05543 0.055592 0.05578 0.055991 0.056207 0.056377 0.056318 0.05537
0.046874 0.049141 0.049759 0.050034 0.050177 0.050494 0.050765 0.051037 0.051398 0.05153 0.051634 0.051754 0.051913 0.052066 0.05225 0.05237 0.052548 0.052769 0.052969 0.053126 0.053325 0.053557 0.053779 0.053986 0.054186 0.054375 0.054618 0.05476 0.054902 0.05503 0.055149 0.055269 0.055396 0.05554 0.055706 0.055897 0.05611 0.056328 0.0565 0.056445 0.055507
