72	41
0.091807 0.097885 0.10926 0.12069 0.13223 0.14385 0.15553 0.16727 0.17904 0.19084 0.20264 0.21447 0.22631 0.23818 0.25006 0.26195 0.27385 0.28576 0.29768 0.30961 0.32154 0.33348 0.34543 0.35738 0.36933 0.38128 0.39324 0.40521 0.41716 0.42913 0.44109 0.45306 0.46503 0.477 0.48898 0.50096 0.51294 0.52492 0.5369 0.54888 0.56081
0.099859 0.10599 0.11743 0.12895 0.14054 0.15219 0.16389 0.17567 0.18745 0.19928 0.21111 0.22295 0.23481 0.24668 0.25857 0.27046 0.28237 0.29429 0.30621 0.31814 0.33007 0.34202 0.35397 0.36592 0.37788 0.38983 0.40179 0.41375 0.42572 0.43768 0.44964 0.46161 0.47358 0.48556 0.49753 0.50951 0.52149 0.53348 0.54546 0.55743 0.56937
0.10793 0.11408 0.12559 0.13716 0.14879 0.16049 0.17223 0.184 0.19581 0.20764 0.21949 0.23137 0.24324 0.25512 0.26702 0.27892 0.29083 0.30275 0.31468 0.32661 0.33855 0.35049 0.36244 0.37439 0.38635 0.3983 0.41027 0.42223 0.4342 0.44616 0.45813 0.4701 0.48207 0.49405 0.50602 0.518 0.52998 0.54197 0.55395 0.56593 0.57787
0.11593 0.122 0.13366 0.14528 0.15696 0.16868 0.18044 0.19223 0.20406 0.21589 0.22775 0.23962 0.25152 0.26342 0.27534 0.28725 0.29916 0.31109 0.32302 0.33496 0.3469 0.35884 0.37079 0.38275 0.3947 0.40666 0.41863 0.43059 0.44255 0.45452 0.46649 0.47846 0.49044 0.50241 0.51439 0.52637 0.53835 0.55034 0.56232 0.5743 0.58625
0.12372 0.12971 0.14158 0.15324 0.16494 0.17668 0.18847 0.20028 0.21212 0.22397 0.23584 0.24771 0.25961 0.27151 0.28343 0.29536 0.30728 0.31923 0.33117 0.34311 0.35505 0.367 0.37895 0.39091 0.40287 0.41483 0.42679 0.43876 0.45072 0.46269 0.47466 0.48663 0.49861 0.51059 0.52256 0.53455 0.54653 0.55852 0.5705 0.58248 0.59443
0.13135 0.13739 0.14921 0.16094 0.17267 0.18445 0.19625 0.20808 0.21994 0.2318 0.24367 0.25556 0.26746 0.27937 0.29129 0.30321 0.31515 0.32709 0.33903 0.35098 0.36294 0.37489 0.38685 0.39881 0.41078 0.42274 0.43471 0.44668 0.45864 0.47061 0.48258 0.49456 0.50653 0.51851 0.53049 0.54247 0.55446 0.56645 0.57843 0.59042 0.60237
0.13868 0.14476 0.15654 0.1683 0.18009 0.19189 0.20372 0.21556 0.22743 0.2393 0.25119 0.2631 0.275 0.28691 0.29884 0.31077 0.32271 0.33465 0.3466 0.35855 0.37051 0.38247 0.39442 0.40638 0.41835 0.43032 0.44229 0.45426 0.46623 0.47821 0.49018 0.50216 0.51414 0.52612 0.5381 0.55008 0.56207 0.57406 0.58605 0.59805 0.61001
0.14571 0.15177 0.16358 0.17538 0.1872 0.19903 0.21079 0.22265 0.23454 0.24643 0.25834 0.27024 0.28216 0.29408 0.30602 0.31796 0.3299 0.34184 0.3538 0.36575 0.37771 0.38967 0.40164 0.4136 0.42557 0.43754 0.44952 0.46149 0.47346 0.48544 0.49741 0.50939 0.52137 0.53335 0.54534 0.55733 0.56932 0.58131 0.5933 0.6053 0.61727
0.15233 0.15835 0.1702 0.18202 0.19386 0.20572 0.21758 0.22946 0.24133 0.25322 0.2651 0.277 0.28892 0.30084 0.31278 0.32472 0.33666 0.34861 0.36057 0.37253 0.38449 0.39645 0.40842 0.42039 0.43237 0.44434 0.45631 0.46829 0.48027 0.49224 0.50422 0.5162 0.52818 0.54017 0.55215 0.56414 0.57613 0.58813 0.60013 0.61213 0.62411
0.15849 0.16449 0.17634 0.18818 0.20004 0.21191 0.22379 0.23568 0.24758 0.25949 0.2714 0.28331 0.29524 0.30718 0.31912 0.33107 0.34301 0.35496 0.36692 0.37888 0.39084 0.40281 0.41478 0.42675 0.43872 0.45069 0.46267 0.47464 0.48662 0.4986 0.51058 0.52256 0.53454 0.54652 0.55851 0.5705 0.5825 0.5945 0.6065 0.6185 0.63048
0.16417 0.17013 0.18198 0.19382 0.20568 0.21756 0.22945 0.24135 0.25326 0.26517 0.2771 0.28903 0.30096 0.3129 0.32485 0.33681 0.34876 0.36072 0.37268 0.38465 0.39661 0.40859 0.42056 0.43253 0.44451 0.45648 0.46846 0.48044 0.49242 0.5044 0.51638 0.52837 0.54035 0.55234 0.56433 0.57632 0.58832 0.60032 0.61232 0.62433 0.63632
0.16929 0.17522 0.18707 0.19893 0.2108 0.22268 0.23458 0.24649 0.25841 0.27033 0.28226 0.2942 0.30614 0.31809 0.33004 0.342 0.35396 0.36592 0.37789 0.38986 0.40183 0.4138 0.42578 0.43775 0.44973 0.46171 0.4737 0.48568 0.49766 0.50964 0.52163 0.53362 0.54561 0.5576 0.56959 0.58159 0.59359 0.60559 0.61759 0.62961 0.64161
0.1738 0.17974 0.1916 0.20347 0.21536 0.22725 0.23916 0.25108 0.26301 0.27494 0.28688 0.29882 0.31077 0.32272 0.33468 0.34664 0.3586 0.37057 0.38254 0.39451 0.40648 0.41846 0.43044 0.44242 0.45439 0.46637 0.47836 0.49034 0.50232 0.51431 0.52629 0.53828 0.55027 0.56225 0.57425 0.58624 0.59824 0.61024 0.62224 0.63425 0.64626
0.17767 0.18364 0.19551 0.20739 0.21928 0.23119 0.2431 0.25502 0.26695 0.27888 0.29083 0.30277 0.31472 0.32667 0.33863 0.35059 0.36255 0.37452 0.38649 0.39847 0.41044 0.42242 0.4344 0.44638 0.45836 0.47034 0.48232 0.49431 0.50629 0.51827 0.53026 0.54225 0.55424 0.56623 0.57822 0.59022 0.60222 0.61422 0.62622 0.63824 0.65026
0.18089 0.18686 0.19875 0.21064 0.22253 0.23444 0.24635 0.25827 0.27021 0.28215 0.29408 0.30602 0.31798 0.32993 0.34189 0.35385 0.36581 0.37778 0.38975 0.40173 0.41371 0.42569 0.43767 0.44965 0.46163 0.47362 0.4856 0.49759 0.50958 0.52157 0.53356 0.54555 0.55754 0.56954 0.58153 0.59353 0.60553 0.61754 0.62955 0.64157 0.65359
0.18344 0.18941 0.2013 0.21318 0.22507 0.23697 0.24888 0.26081 0.27273 0.28467 0.29661 0.30855 0.3205 0.33245 0.34441 0.35638 0.36835 0.38032 0.3923 0.40428 0.41626 0.42825 0.44024 0.45222 0.46421 0.4762 0.4882 0.50019 0.51218 0.52418 0.53617 0.54817 0.56015 0.57215 0.58414 0.59614 0.60815 0.62015 0.63217 0.64419 0.65624
0.18526 0.19122 0.20308 0.21495 0.22685 0.23874 0.25065 0.26257 0.2745 0.28644 0.29839 0.31034 0.32229 0.33426 0.34622 0.3582 0.37017 0.38215 0.39414 0.40613 0.41812 0.43011 0.4421 0.4541 0.46609 0.47808 0.49007 0.50206 0.51406 0.52605 0.53805 0.55005 0.56204 0.57404 0.58604 0.59805 0.61005 0.62206 0.63408 0.64611 0.65819
0.18633 0.19226 0.2041 0.21597 0.22786 0.23976 0.25167 0.2636 0.27554 0.28748 0.29943 0.31139 0.32336 0.33533 0.34731 0.35929 0.37128 0.38327 0.39526 0.40724 0.41923 0.43123 0.44322 0.45522 0.46722 0.47922 0.49121 0.50321 0.5152 0.5272 0.5392 0.5512 0.5632 0.5752 0.5872 0.59921 0.61122 0.62324 0.63527 0.6473 0.65938
0.18664 0.19253 0.20436 0.21623 0.22812 0.24003 0.25195 0.26388 0.27583 0.28779 0.29975 0.31173 0.32371 0.3357 0.34766 0.35964 0.37163 0.38363 0.39563 0.40762 0.41962 0.43162 0.44362 0.45561 0.46761 0.47961 0.4916 0.5036 0.51559 0.52759 0.53959 0.55159 0.5636 0.57561 0.58762 0.59964 0.61165 0.62366 0.63568 0.64771 0.65984
0.18618 0.19205 0.20386 0.21573 0.22763 0.23955 0.25149 0.26344 0.27541 0.28739 0.29932 0.3113 0.32329 0.33528 0.34727 0.35927 0.37127 0.38327 0.39526 0.40726 0.41926 0.43125 0.44325 0.45524 0.46724 0.47923 0.49123 0.50322 0.51522 0.52723 0.53924 0.55125 0.56326 0.57528 0.58728 0.59929 0.61131 0.62334 0.63537 0.64742 0.65959
0.18497 0.1908 0.20261 0.2145 0.22642 0.23837 0.25033 0.26224 0.27421 0.28619 0.29818 0.31017 0.32217 0.33416 0.34616 0.35815 0.37015 0.38214 0.39414 0.40613 0.41812 0.43012 0.44211 0.4541 0.4661 0.4781 0.4901 0.5021 0.51411 0.52613 0.53814 0.55014 0.56215 0.57417 0.5862 0.59822 0.61025 0.62228 0.63431 0.64637 0.65855
0.18302 0.18882 0.20065 0.21257 0.22452 0.2364 0.24836 0.26035 0.27234 0.28433 0.29632 0.30831 0.32031 0.3323 0.34429 0.35628 0.36827 0.38026 0.39226 0.40425 0.41623 0.42823 0.44022 0.45222 0.46422 0.47622 0.48824 0.50025 0.51225 0.52426 0.53627 0.5483 0.56032 0.57235 0.58438 0.59641 0.60843 0.62046 0.6325 0.64458 0.65675
0.18034 0.18613 0.19801 0.20987 0.2218 0.23378 0.24576 0.25775 0.26975 0.28174 0.29373 0.30571 0.3177 0.3297 0.34168 0.35367 0.36565 0.37764 0.38963 0.40161 0.4136 0.4256 0.4376 0.44961 0.46162 0.47363 0.48562 0.49763 0.50966 0.52168 0.53371 0.54574 0.55777 0.56979 0.58182 0.59385 0.60588 0.61791 0.62995 0.64205 0.6542
0.17695 0.18276 0.19459 0.2065 0.21849 0.23048 0.24246 0.25445 0.26644 0.27843 0.29041 0.3024 0.31438 0.32637 0.33835 0.35032 0.36231 0.37429 0.38627 0.39826 0.41026 0.42227 0.43428 0.44627 0.45827 0.47029 0.48232 0.49435 0.50638 0.5184 0.53043 0.54246 0.55449 0.56652 0.57855 0.59058 0.60261 0.61464 0.62669 0.63881 0.65094
0.17289 0.17875 0.19052 0.20252 0.21451 0.22649 0.23848 0.25046 0.26245 0.27443 0.28641 0.29838 0.31036 0.32233 0.33431 0.34628 0.35826 0.37024 0.38224 0.39424 0.40625 0.41823 0.43024 0.44225 0.45428 0.46631 0.47834 0.49037 0.5024 0.51443 0.52646 0.53849 0.55052 0.56255 0.57458 0.58661 0.59864 0.61068 0.62273 0.63487 0.64699
0.1682 0.174 0.1859 0.19789 0.20987 0.22185 0.23383 0.24581 0.25779 0.26976 0.28173 0.29369 0.30566 0.31763 0.3296 0.34157 0.35355 0.36555 0.37756 0.38954 0.40154 0.41355 0.42558 0.43762 0.44965 0.46168 0.47371 0.48574 0.49776 0.50979 0.52182 0.53385 0.54588 0.55792 0.56995 0.58198 0.59402 0.60606 0.61812 0.63026 0.64238
0.1629 0.16866 0.18066 0.19264 0.20461 0.21659 0.22856 0.24053 0.2525 0.26447 0.27642 0.28838 0.30033 0.3123 0.32427 0.33625 0.34826 0.36022 0.37221 0.38423 0.39626 0.40829 0.42032 0.43235 0.44438 0.45641 0.46844 0.48047 0.4925 0.50453 0.51656 0.52859 0.54063 0.55266 0.56469 0.57673 0.58876 0.60081 0.61288 0.62503 0.63716
0.15705 0.16283 0.17484 0.18681 0.19878 0.21075 0.22271 0.23466 0.24662 0.25858 0.27052 0.28247 0.29442 0.30639 0.31837 0.33036 0.34232 0.35432 0.36635 0.37838 0.39041 0.40244 0.41447 0.4265 0.43853 0.45056 0.46259 0.47462 0.48665 0.49868 0.51071 0.52275 0.53478 0.54681 0.55885 0.57088 0.58292 0.59497 0.60706 0.61923 0.63138
0.15069 0.15649 0.16849 0.18045 0.19241 0.20436 0.21632 0.22826 0.24021 0.25214 0.26408 0.27602 0.28798 0.29996 0.31191 0.32389 0.3359 0.34793 0.35996 0.37199 0.38402 0.39605 0.40808 0.42011 0.43214 0.44417 0.4562 0.46823 0.48026 0.49229 0.50433 0.51636 0.52839 0.54043 0.55246 0.5645 0.57655 0.5886 0.60072 0.61289 0.62506
0.14382 0.14968 0.16166 0.17361 0.18556 0.1975 0.20944 0.22137 0.23329 0.24522 0.25715 0.26909 0.28107 0.293 0.30499 0.317 0.32902 0.34105 0.35308 0.36511 0.37714 0.38917 0.4012 0.41323 0.42526 0.43729 0.44932 0.46135 0.47338 0.48541 0.49745 0.50948 0.52152 0.53355 0.54559 0.55763 0.56968 0.58174 0.59389 0.60606 0.61824
0.1365 0.14244 0.15441 0.16634 0.17827 0.1902 0.20212 0.21404 0.22596 0.23787 0.2498 0.26174 0.27367 0.28566 0.29767 0.30968 0.32171 0.33373 0.34576 0.35779 0.36982 0.38185 0.39388 0.40591 0.41794 0.42997 0.442 0.45403 0.46607 0.4781 0.49013 0.50216 0.5142 0.52624 0.53828 0.55032 0.56237 0.57444 0.58663 0.59879 0.61099
0.12887 0.13484 0.14679 0.15871 0.17061 0.18253 0.19443 0.20634 0.21825 0.23015 0.24205 0.25399 0.26596 0.27796 0.28997 0.30199 0.31401 0.32604 0.33806 0.35009 0.36212 0.37415 0.38618 0.39821 0.41024 0.42227 0.4343 0.44633 0.45837 0.4704 0.48243 0.49447 0.5065 0.51854 0.53058 0.54263 0.55468 0.56677 0.57899 0.59114 0.60333
0.12098 0.12694 0.13886 0.15075 0.16265 0.17454 0.18645 0.19834 0.21023 0.22208 0.234 0.24595 0.25794 0.26994 0.28195 0.29397 0.30599 0.31802 0.33005 0.34207 0.3541 0.36613 0.37816 0.39019 0.40222 0.41425 0.42628 0.43832 0.45035 0.46238 0.47441 0.48645 0.49849 0.51052 0.52257 0.53461 0.54667 0.55877 0.57101 0.58318 0.59529
0.11286 0.1188 0.13068 0.14256 0.15445 0.16633 0.17822 0.1901 0.20189 0.21378 0.22571 0.23767 0.24966 0.26166 0.27368 0.28569 0.29772 0.30974 0.32177 0.3338 0.34583 0.35786 0.36989 0.38192 0.39395 0.40598 0.41801 0.43004 0.44207 0.4541 0.46614 0.47817 0.49021 0.50225 0.51429 0.52634 0.53841 0.55052 0.56277 0.57495 0.58702
0.10457 0.1105 0.12235 0.1342 0.14607 0.15796 0.16985 0.18162 0.1934 0.2053 0.21724 0.22921 0.24119 0.2532 0.26521 0.27723 0.28925 0.30127 0.3133 0.32533 0.33736 0.34938 0.36141 0.37344 0.38547 0.3975 0.40953 0.42156 0.43359 0.44563 0.45766 0.4697 0.48174 0.49378 0.50582 0.51787 0.52994 0.54207 0.55434 0.56653 0.57855
0.096192 0.10209 0.11391 0.12574 0.13761 0.14953 0.16128 0.17292 0.18481 0.19671 0.20865 0.22062 0.2326 0.2446 0.25662 0.26863 0.28065 0.29268 0.3047 0.31673 0.32876 0.34078 0.35281 0.36484 0.37687 0.3889 0.40093 0.41296 0.42499 0.43702 0.44906 0.46109 0.47313 0.48517 0.49722 0.50927 0.52135 0.53349 0.54578 0.55799 0.56996
0.087803 0.093661 0.10544 0.11727 0.12917 0.141 0.15255 0.16428 0.17617 0.18806 0.2 0.21196 0.22395 0.23595 0.24796 0.25998 0.272 0.28402 0.29604 0.30807 0.32009 0.33212 0.34415 0.35618 0.36821 0.38023 0.39226 0.40429 0.41632 0.42836 0.44039 0.45242 0.46446 0.4765 0.48855 0.50061 0.5127 0.52486 0.53716 0.54938 0.56132
0.07948 0.085319 0.097043 0.10887 0.12079 0.13241 0.14383 0.15567 0.16754 0.17943 0.19136 0.20332 0.21531 0.22731 0.23931 0.25133 0.26334 0.27536 0.28739 0.29941 0.31144 0.32346 0.33549 0.34752 0.35955 0.37157 0.3836 0.39563 0.40766 0.41969 0.43172 0.44376 0.4558 0.46784 0.47989 0.49195 0.50404 0.51622 0.52854 0.54077 0.55268
0.071323 0.077089 0.088775 0.10062 0.11241 0.12377 0.1353 0.14714 0.159 0.17088 0.18281 0.19476 0.20674 0.21873 0.23074 0.24274 0.25476 0.26678 0.2788 0.29083 0.30285 0.31488 0.3269 0.33893 0.35096 0.36298 0.37501 0.38704 0.39907 0.4111 0.42313 0.43516 0.4472 0.45925 0.4713 0.48336 0.49546 0.50765 0.51998 0.53223 0.54412
0.063421 0.069112 0.080744 0.092639 0.10416 0.11531 0.12695 0.13877 0.15062 0.16248 0.1744 0.18634 0.19832 0.2103 0.2223 0.2343 0.24632 0.25834 0.27036 0.28238 0.2944 0.30643 0.31845 0.33048 0.3425 0.35453 0.36655 0.37858 0.39061 0.40264 0.41467 0.42671 0.43874 0.45079 0.46284 0.47491 0.48701 0.49922 0.51157 0.52383 0.5357
0.05587 0.061471 0.073018 0.084809 0.096109 0.10714 0.11883 0.13062 0.14245 0.15429 0.16619 0.17814 0.1901 0.20207 0.21407 0.22607 0.23808 0.2501 0.26211 0.27413 0.28616 0.29818 0.3102 0.32223 0.33425 0.34627 0.3583 0.37032 0.38235 0.39438 0.40641 0.41845 0.43048 0.44253 0.45458 0.46665 0.47876 0.49098 0.50335 0.51562 0.52749
0.048799 0.054271 0.065673 0.077256 0.088237 0.099308 0.111 0.12276 0.13456 0.14639 0.15828 0.1702 0.18216 0.19412 0.20611 0.21811 0.23011 0.24212 0.25414 0.26616 0.27818 0.2902 0.30222 0.31424 0.32626 0.33828 0.35031 0.36233 0.37436 0.38639 0.39842 0.41045 0.42249 0.43453 0.44659 0.45866 0.47077 0.483 0.4954 0.50767 0.51956
0.042396 0.047607 0.058798 0.070121 0.080769 0.091868 0.10352 0.11525 0.12703 0.13883 0.1507 0.16261 0.17454 0.1865 0.19848 0.21047 0.22247 0.23448 0.24649 0.2585 0.27052 0.28254 0.29456 0.30658 0.3186 0.33062 0.34264 0.35466 0.36669 0.37872 0.39075 0.40278 0.41482 0.42686 0.43892 0.45099 0.46311 0.47534 0.48776 0.50005 0.51196
0.036819 0.04164 0.052465 0.063446 0.073815 0.084881 0.096468 0.10816 0.1199 0.13167 0.14352 0.15541 0.16733 0.17928 0.19125 0.20323 0.21522 0.22722 0.23923 0.25124 0.26325 0.27526 0.28728 0.2993 0.31131 0.32333 0.33535 0.34738 0.3594 0.37143 0.38346 0.39549 0.40753 0.41957 0.43163 0.44371 0.45583 0.46806 0.48051 0.49281 0.50476
0.032227 0.036454 0.046668 0.057305 0.067484 0.078366 0.0899 0.10153 0.11324 0.12499 0.1368 0.14866 0.16057 0.1725 0.18446 0.19643 0.20841 0.2204 0.2324 0.24441 0.25642 0.26843 0.28044 0.29246 0.30447 0.31649 0.32851 0.34053 0.35255 0.36458 0.37661 0.38864 0.40068 0.41272 0.42478 0.43686 0.44898 0.46121 0.47369 0.48599 0.49802
0.028878 0.03232 0.041484 0.051819 0.061757 0.072412 0.083858 0.095437 0.1071 0.11881 0.1306 0.14243 0.15432 0.16623 0.17817 0.19013 0.2021 0.21408 0.22608 0.23808 0.25008 0.26209 0.2741 0.28611 0.29813 0.31014 0.32216 0.33418 0.3462 0.35822 0.37024 0.38228 0.39431 0.40636 0.41842 0.4305 0.44262 0.45484 0.46736 0.47967 0.49181
0.026902 0.029253 0.037107 0.046937 0.056811 0.067143 0.078394 0.08991 0.10154 0.1132 0.12496 0.13676 0.14863 0.16052 0.17244 0.18438 0.19634 0.20832 0.2203 0.23229 0.24429 0.25629 0.2683 0.28031 0.29232 0.30433 0.31635 0.32836 0.34038 0.3524 0.36442 0.37646 0.38849 0.40054 0.41259 0.42467 0.43679 0.44901 0.46156 0.47387 0.48619
0.02624 0.027318 0.033561 0.042655 0.052617 0.062583 0.073565 0.084995 0.096583 0.10821 0.11992 0.1317 0.14354 0.15541 0.16731 0.17923 0.19118 0.20314 0.21512 0.2271 0.23909 0.25109 0.26309 0.27509 0.2871 0.2991 0.31111 0.32313 0.33514 0.34716 0.35919 0.37121 0.38325 0.39529 0.40735 0.41942 0.43154 0.44375 0.45626 0.46865 0.48099
0.0266 0.026466 0.030914 0.038998 0.048791 0.05881 0.069396 0.080764 0.09227 0.10386 0.11552 0.12728 0.13909 0.15094 0.16281 0.17472 0.18665 0.1986 0.21056 0.22254 0.23452 0.24651 0.2585 0.2705 0.2825 0.29451 0.30651 0.31852 0.33053 0.34255 0.35457 0.3666 0.37863 0.39067 0.40273 0.4148 0.42691 0.4391 0.45156 0.46404 0.47638
0.027582 0.026458 0.029216 0.036209 0.045483 0.055721 0.066093 0.077177 0.088635 0.10018 0.11182 0.12354 0.13532 0.14715 0.159 0.17089 0.1828 0.19474 0.20669 0.21865 0.23062 0.2426 0.25459 0.26658 0.27857 0.29057 0.30257 0.31457 0.32658 0.3386 0.35061 0.36264 0.37467 0.38671 0.39876 0.41083 0.42293 0.43511 0.44752 0.46007 0.47241
0.028902 0.027089 0.028327 0.034234 0.042859 0.052969 0.063632 0.074299 0.085721 0.09723 0.1088 0.12049 0.13224 0.14405 0.15589 0.16776 0.17966 0.19158 0.20351 0.21546 0.22742 0.23939 0.25137 0.26335 0.27534 0.28733 0.29932 0.31132 0.32332 0.33533 0.34735 0.35936 0.37139 0.38343 0.39548 0.40754 0.41964 0.43181 0.44416 0.45678 0.46911
0.030369 0.028031 0.028097 0.033055 0.04112 0.05081 0.061391 0.072428 0.083575 0.094982 0.10651 0.11819 0.1299 0.14169 0.15351 0.16536 0.17724 0.18914 0.20107 0.213 0.22495 0.23691 0.24888 0.26085 0.27283 0.28481 0.29679 0.30879 0.32078 0.33279 0.34479 0.35681 0.36883 0.38086 0.39291 0.40497 0.41706 0.42921 0.44151 0.45419 0.4665
0.031699 0.029078 0.02834 0.03256 0.040154 0.049533 0.059907 0.070844 0.082099 0.093557 0.10491 0.11662 0.12831 0.14007 0.15187 0.1637 0.17557 0.18746 0.19937 0.21129 0.22323 0.23518 0.24713 0.2591 0.27106 0.28304 0.29501 0.307 0.31899 0.33098 0.34298 0.35499 0.36701 0.37903 0.39107 0.40313 0.41521 0.42734 0.4396 0.45223 0.46461
0.032815 0.030053 0.028875 0.032615 0.039834 0.049021 0.059249 0.070043 0.081211 0.092608 0.10413 0.11578 0.12746 0.1392 0.15098 0.1628 0.17465 0.18653 0.19843 0.21034 0.22227 0.23421 0.24615 0.2581 0.27006 0.28203 0.294 0.30597 0.31795 0.32994 0.34193 0.35393 0.36594 0.37796 0.38999 0.40204 0.41411 0.42623 0.43844 0.45091 0.46347
0.033591 0.030896 0.029609 0.033138 0.040163 0.049203 0.059307 0.070046 0.081156 0.092487 0.10396 0.11556 0.12727 0.13902 0.15085 0.16264 0.17449 0.18636 0.19825 0.21015 0.22207 0.234 0.24594 0.25788 0.26983 0.28179 0.29375 0.30572 0.31769 0.32966 0.34165 0.35364 0.36564 0.37765 0.38967 0.40171 0.41377 0.42587 0.43804 0.45041 0.46307
0.034008 0.031553 0.030485 0.034093 0.041061 0.05004 0.060089 0.070779 0.081848 0.093147 0.1046 0.11618 0.12783 0.13956 0.15135 0.16318 0.17503 0.18692 0.19883 0.21069 0.22263 0.23455 0.24648 0.25842 0.27036 0.28232 0.29427 0.30623 0.31819 0.33017 0.34214 0.35412 0.36612 0.37812 0.39013 0.40216 0.41421 0.42628 0.43842 0.45071 0.46343
0.034009 0.031998 0.031466 0.035394 0.042485 0.051494 0.061537 0.072209 0.083245 0.094538 0.10597 0.11752 0.12918 0.14089 0.15265 0.16447 0.17631 0.18817 0.20007 0.21197 0.22391 0.23585 0.2478 0.25973 0.27164 0.28359 0.29553 0.3075 0.31946 0.33142 0.34339 0.35537 0.36736 0.37936 0.39136 0.40338 0.41541 0.42747 0.43958 0.45179 0.46425
0.033697 0.032257 0.032553 0.037026 0.044428 0.053567 0.063661 0.074343 0.085377 0.096644 0.10808 0.11962 0.13126 0.14296 0.15471 0.16651 0.17835 0.19019 0.20207 0.21397 0.22589 0.23782 0.24975 0.2617 0.27365 0.28563 0.29759 0.30955 0.3215 0.3334 0.34538 0.35735 0.36934 0.38133 0.39333 0.40534 0.41737 0.42942 0.4415 0.45365 0.46592
0.033227 0.03246 0.033855 0.039088 0.046879 0.056202 0.066365 0.077066 0.088166 0.099438 0.11088 0.12241 0.13406 0.14574 0.1575 0.16928 0.18111 0.19296 0.20483 0.21672 0.22862 0.24054 0.25247 0.26441 0.27635 0.2883 0.30025 0.31221 0.32418 0.33616 0.34814 0.36013 0.37211 0.38409 0.39604 0.40803 0.42004 0.43208 0.44414 0.45626 0.46841
0.032808 0.032807 0.035408 0.041462 0.049749 0.059291 0.06962 0.080438 0.091549 0.10285 0.11431 0.12586 0.1375 0.14921 0.16095 0.17274 0.18457 0.1964 0.20828 0.22016 0.23206 0.24397 0.2559 0.26783 0.27977 0.29171 0.30366 0.31562 0.32758 0.33954 0.35151 0.36348 0.37547 0.38746 0.39946 0.41148 0.4235 0.43554 0.44759 0.45965 0.47169
0.032656 0.033569 0.037453 0.044425 0.053155 0.062986 0.073443 0.084352 0.095503 0.10688 0.11835 0.12994 0.14157 0.15331 0.16505 0.17685 0.18867 0.20052 0.2124 0.22429 0.23618 0.24809 0.26001 0.27194 0.28388 0.29583 0.30777 0.31972 0.33167 0.34363 0.3556 0.36757 0.37955 0.39152 0.4035 0.41551 0.42752 0.43955 0.45159 0.46364 0.47569
0.033078 0.034924 0.040209 0.047904 0.057115 0.067191 0.077856 0.088844 0.10008 0.11148 0.12299 0.13458 0.14626 0.15799 0.16976 0.18157 0.19339 0.20524 0.21711 0.229 0.24091 0.25282 0.26474 0.27666 0.28859 0.30053 0.31248 0.32443 0.33638 0.34833 0.3603 0.37227 0.38424 0.39622 0.40821 0.4202 0.43221 0.44422 0.45625 0.46828 0.48028
0.034313 0.037088 0.043602 0.052005 0.061648 0.071987 0.082792 0.093892 0.10518 0.11666 0.12821 0.13983 0.15151 0.16325 0.17503 0.18683 0.19867 0.21051 0.22237 0.23425 0.24615 0.25806 0.26998 0.28191 0.29384 0.30579 0.31775 0.32969 0.34165 0.35361 0.36558 0.37755 0.38952 0.4015 0.41349 0.42548 0.43749 0.4495 0.46151 0.47353 0.48551
0.036519 0.040113 0.047739 0.056789 0.066796 0.077342 0.088271 0.099489 0.11084 0.12234 0.13394 0.14559 0.1573 0.16906 0.18082 0.1926 0.20445 0.21631 0.2282 0.2401 0.25201 0.26393 0.27586 0.28779 0.29974 0.31168 0.32363 0.33558 0.34754 0.3595 0.37146 0.38343 0.3954 0.40738 0.41937 0.43136 0.44336 0.45536 0.46737 0.47937 0.49133
0.039757 0.044054 0.05259 0.062171 0.072483 0.083251 0.094315 0.10561 0.11704 0.12857 0.14018 0.15185 0.16359 0.17534 0.18716 0.19899 0.21084 0.22271 0.2346 0.24649 0.25841 0.27033 0.28226 0.2942 0.30615 0.3181 0.33005 0.34201 0.35395 0.36591 0.37787 0.38983 0.40181 0.41378 0.42576 0.43775 0.44974 0.46174 0.47374 0.48573 0.49768
0.043994 0.048855 0.058083 0.068137 0.078721 0.089653 0.10083 0.11219 0.12367 0.13526 0.1469 0.15865 0.17038 0.18215 0.19396 0.2058 0.21765 0.22953 0.24142 0.25333 0.26524 0.27716 0.2891 0.30104 0.31298 0.32493 0.33688 0.34884 0.3608 0.37277 0.38473 0.3967 0.40867 0.42065 0.43264 0.44462 0.45662 0.46861 0.48059 0.49258 0.50452
0.049149 0.054392 0.064223 0.074627 0.085417 0.096497 0.10779 0.11921 0.13074 0.14239 0.15408 0.16583 0.17757 0.18936 0.20118 0.21302 0.22488 0.23676 0.24866 0.26057 0.27249 0.28441 0.29634 0.30828 0.32023 0.33218 0.34413 0.35609 0.36805 0.38002 0.39198 0.40395 0.41592 0.4279 0.43988 0.45187 0.46386 0.47585 0.48785 0.49983 0.51177
0.055061 0.060586 0.070856 0.081545 0.092528 0.10375 0.11512 0.12662 0.13823 0.14987 0.16159 0.17335 0.18512 0.19693 0.20875 0.22061 0.23248 0.24436 0.25626 0.26817 0.28009 0.29202 0.30395 0.3159 0.32784 0.33979 0.35175 0.36371 0.37567 0.38763 0.3996 0.41156 0.42354 0.43551 0.4475 0.45949 0.47147 0.48346 0.49545 0.50743 0.51936
0.061618 0.067334 0.07794 0.088872 0.10002 0.11134 0.1228 0.13435 0.14599 0.15767 0.16941 0.18118 0.19298 0.2048 0.21664 0.2285 0.24038 0.25227 0.26417 0.27609 0.28801 0.29994 0.31188 0.32382 0.33577 0.34772 0.35967 0.37163 0.38359 0.39556 0.40752 0.4195 0.43147 0.44344 0.45542 0.4674 0.47938 0.49137 0.50336 0.51533 0.52726
0.068696 0.074525 0.085423 0.096517 0.10779 0.11922 0.13075 0.14236 0.15403 0.16573 0.17749 0.18927 0.20109 0.21292 0.22478 0.23664 0.24853 0.26042 0.27233 0.28425 0.29617 0.30811 0.32005 0.33199 0.34394 0.35589 0.36785 0.3798 0.39177 0.40373 0.4157 0.42767 0.43963 0.45161 0.46358 0.47556 0.48755 0.49953 0.51152 0.52349 0.53542
0.076178 0.082077 0.093186 0.10441 0.11581 0.1273 0.13889 0.15054 0.16226 0.17399 0.18576 0.19756 0.20939 0.22123 0.2331 0.24497 0.25686 0.26877 0.28068 0.2926 0.30452 0.31646 0.3284 0.34035 0.3523 0.36425 0.37621 0.38817 0.40013 0.41209 0.42406 0.43602 0.44799 0.45997 0.47194 0.48392 0.4959 0.50789 0.51987 0.53184 0.54377
0.083867 0.089892 0.10115 0.11251 0.12396 0.13554 0.14718 0.15887 0.17062 0.18238 0.19417 0.20598 0.21782 0.22967 0.24155 0.25343 0.26532 0.27723 0.28915 0.30107 0.313 0.32494 0.33689 0.34883 0.36078 0.37274 0.3847 0.39666 0.40862 0.42058 0.43254 0.44451 0.45648 0.46845 0.48043 0.49241 0.50439 0.51637 0.52835 0.54032 0.55226
