48	11
0	0	0.3	0.4	0.5	0.6	0.65	0.7	0.75	0.8	1
-180	0.0144	0.0144	0.0144	0.0144	0.0144	0.0144	0.0144	0.0144	0.0144	0.0144
-170	0.327	0.327	0.327	0.327	0.327	0.327	0.327	0.327	0.327	0.327
-165	0.2939	0.2939	0.2939	0.2939	0.2939	0.2939	0.2939	0.2939	0.2939	0.2939
-160	0.3098	0.3098	0.3098	0.3098	0.3098	0.3098	0.3098	0.3098	0.3098	0.3098
-135	0.5548	0.5548	0.5548	0.5548	0.5548	0.5548	0.5548	0.5548	0.5548	0.5548
-90	0.5495	0.5495	0.5495	0.5495	0.5495	0.5495	0.5495	0.5495	0.5495	0.5495
-30	0.18	0.18	0.18	0.18	0.18	0.18	0.18	0.18	0.18	0.18
-20	0.1522	0.1522	0.1522	0.1522	0.1522	0.1522	0.1522	0.1522	0.1522	0.1522
-16	0.14	0.14	0.14	0.14	0.14	0.14	0.14	0.14	0.14	0.14
-15	0.1352	0.1352	0.1352	0.1352	0.1352	0.1352	0.1352	0.1352	0.1352	0.1352
-14	0.1294	0.1294	0.1294	0.1294	0.1294	0.1294	0.1294	0.1294	0.1294	0.1294
-13	0.0974	0.0974	0.0962	0.0962	0.0964	0.0982	0.1	0.1011	0.1016	0.11
-12	0.0832	0.0832	0.0816	0.0816	0.0819	0.0843	0.0867	0.0881	0.0888	0.1
-11	0.069	0.069	0.067	0.067	0.0674	0.0704	0.0733	0.0752	0.076	0.09
-10	0.0548	0.0548	0.0524	0.0524	0.0529	0.0564	0.06	0.0622	0.0632	0.08
-9	0.0406	0.0406	0.0378	0.0378	0.0384	0.0425	0.0467	0.0492	0.0504	0.07
-8	0.0264	0.0264	0.0232	0.0232	0.0239	0.0286	0.0333	0.0363	0.0376	0.06
-7	0.0122	0.0122	0.0086	0.0086	0.0093	0.0146	0.02	0.0233	0.0248	0.05
-6	-0.002	-0.002	-0.006	-0.006	-0.0052	0.0007	0.0067	0.0103	0.012	0.04
-4	-0.001	-0.001	-0.003	-0.007	-0.0135	-0.018	-0.022	-0.0253	-0.032	0.002
-3	-0.0035	-0.0035	-0.0045	-0.0075	-0.0122	-0.0159	-0.0203	-0.0268	-0.041	-0.03
-2	-0.006	-0.006	-0.006	-0.008	-0.0108	-0.0139	-0.0187	-0.0283	-0.05	-0.062
-1	-0.0075	-0.0075	-0.008	-0.01	-0.0128	-0.0153	-0.022	-0.0398	-0.079	-0.077
0	-0.009	-0.009	-0.01	-0.012	-0.0148	-0.0167	-0.0253	-0.0513	-0.108	-0.092
1	-0.011	-0.011	-0.012	-0.015	-0.018	-0.0197	-0.0347	-0.0698	-0.109	-0.151
2	-0.014	-0.014	-0.015	-0.0175	-0.0208	-0.0244	-0.043	-0.0812	-0.112	-0.186
3	-0.017	-0.017	-0.018	-0.021	-0.0238	-0.0303	-0.0507	-0.0883	-0.12	-0.236
4	-0.02	-0.02	-0.022	-0.023	-0.0263	-0.0428	-0.0663	-0.0955	-0.128	-0.27
6	-0.028	-0.028	-0.027	-0.028	-0.0282	-0.056	-0.0847	-0.108	-0.148	-0.31
7	-0.032	-0.032	-0.03	-0.03	-0.0332	-0.0637	-0.0937	-0.1172	-0.158	-0.32
8	-0.035	-0.035	-0.032	-0.032	-0.047	-0.0744	-0.0993	-0.1233	-0.17	-0.35
9	-0.037	-0.037	-0.0335	-0.0305	-0.0553	-0.0826	-0.1058	-0.1304	-0.18	-0.35
10	-0.039	-0.039	-0.035	-0.029	-0.0637	-0.0909	-0.1123	-0.1375	-0.19	-0.35
11	-0.0405	-0.0405	-0.0355	-0.023	-0.0706	-0.0963	-0.1177	-0.1442	-0.2	-0.35
12	-0.042	-0.042	-0.036	-0.017	-0.0775	-0.1017	-0.123	-0.1508	-0.21	-0.35
13	-0.045	-0.045	-0.058	-0.045	-0.0877	-0.1086	-0.129	-0.1575	-0.22	-0.35
14	-0.0516	-0.0516	-0.0644	-0.0516	-0.0937	-0.1143	-0.1345	-0.1626	-0.2243	-0.3526
15	-0.0581	-0.0581	-0.0708	-0.0581	-0.0997	-0.1201	-0.1399	-0.1677	-0.2286	-0.3552
16	-0.0647	-0.0647	-0.0771	-0.0647	-0.1057	-0.1258	-0.1454	-0.1728	-0.2328	-0.3578
20	-0.0909	-0.0909	-0.1027	-0.0909	-0.1297	-0.1487	-0.1672	-0.1931	-0.25	-0.3681
30	-0.1564	-0.1564	-0.1665	-0.1564	-0.1897	-0.2059	-0.2218	-0.244	-0.2927	-0.394
90	-0.5495	-0.5495	-0.5495	-0.5495	-0.5495	-0.5495	-0.5495	-0.5495	-0.5495	-0.5495
135	-0.5584	-0.5584	-0.5584	-0.5584	-0.5584	-0.5584	-0.5584	-0.5584	-0.5584	-0.5584
160	-0.3098	-0.3098	-0.3098	-0.3098	-0.3098	-0.3098	-0.3098	-0.3098	-0.3098	-0.3098
165	-0.2939	-0.2939	-0.2939	-0.2939	-0.2939	-0.2939	-0.2939	-0.2939	-0.2939	-0.2939
170	-0.327	-0.327	-0.327	-0.327	-0.327	-0.327	-0.327	-0.327	-0.327	-0.327
180	0.0144	0.0144	0.0144	0.0144	0.0144	0.0144	0.0144	0.0144	0.0144	0.0144


										
											
											
											
											
											
											
											
											
											
											
											
											
											
											
											
											
											
											
											
											
											
											
											
											
											
											
											
											
											
											
											
											
											
											
											
											
											
											
											
